-0.734776	1.22676
-0.555618	0.937656
-0.44725	1.05401
-0.580835	1.09793
-0.465135	0.92352
-0.428748	0.630078
-0.359005	0.788473
-0.313142	1.01961
-0.284706	0.865747
0.0382779	0.740783
-0.0349285	0.806765
-0.0594488	0.607988
0.0580865	0.811599
0.0640394	0.656076
-0.048052	0.78824
-0.0190499	0.553419
-0.252848	0.532732
0.00890791	0.908623
0.00160714	0.711321
-0.0784655	0.532529
-0.0443123	0.62642
0.136305	0.513497
0.0637473	0.670737
0.0701159	0.722067
0.192377	0.647899
0.102449	0.642611
-0.0339258	0.580431
-0.0289694	0.802069
-0.00127304	0.768185
0.1177	0.699651
0.124174	0.736648
-0.216475	0.701185
-0.179793	0.65884
-0.255104	0.81716
-0.17433	0.669216
-0.354524	0.754606
-0.555638	0.862211
-0.447466	0.57594
-0.525989	0.767163
-0.646664	1.0829
-0.340925	0.920232
-0.0626269	1.06291
0.156082	0.88943
0.243947	0.690882
0.207849	0.943058
0.25115	0.803583
0.387243	0.941375
0.516968	0.728784
0.201754	0.904161
-0.711709	0.697342
-0.907273	1.00705
-0.868335	1.07286
-0.749799	1.07339
-0.825474	1.13629
-0.981997	1.26328
-1.26941	1.43226
-1.04326	1.19063
-0.915956	1.21218
-0.829537	1.17486
-0.39746	0.548636
-0.0379526	0.374382
-0.42659	0.237839
-0.248998	0.0794807
-0.0399915	-0.0207007
-0.0780844	-0.0897333
-0.36565	-0.0230028
-0.466693	0.00771518
-0.531412	0.241134
-0.467255	0.64171
-0.0637411	0.602257
0.0426584	0.832048
0.158549	0.696699
0.194066	0.889114
0.131529	0.77578
0.050924	0.922688
0.261335	0.708762
0.359201	0.812462
0.385075	0.836101
0.428453	0.833107
0.22282	0.980066
-1.1089	1.08136
-1.06328	1.11951
-0.887592	1.08362
-0.782482	0.944132
-0.810695	1.01036
-0.725401	0.911969
-0.719092	0.934835
-0.939403	1.14829
-1.00276	1.19702
-1.10136	1.3038
-1.34674	1.58632
-1.44011	1.79728
-1.27049	1.42194
-1.2466	1.26507
-1.1237	1.25617
-0.925893	1.11739
-0.973717	1.15759
-1.02352	1.17885
-0.856073	1.03322
-0.677369	1.10668
-0.731542	0.899895
-1.66485	1.48873
-1.65947	1.75068
-1.60202	1.70599
-1.78524	2.09927
-1.86608	2.29028
-1.75724	1.98997
-1.41502	1.24342
-1.0776	1.05354
-0.975698	0.935417
-1.08542	1.1234
-1.41973	1.534
-1.70453	1.94306
-1.54154	1.66244
-1.52917	1.52549
-1.68678	1.77675
-1.61327	1.45195
-1.3103	0.728231
-0.860574	0.340102
-0.0905236	0.489256
-0.387628	0.524715
-1.51251	1.51166
-0.796773	0.40201
-0.252513	0.0218766
-0.844811	0.645282
-1.21592	1.43876
-1.3596	1.75437
-1.07383	1.04702
-1.58302	1.80056
-1.6623	1.74442
-1.66453	1.88912
-1.51605	1.69828
-1.55516	1.8662
-1.55018	2.08005
-1.47153	1.92812
-1.44262	1.50022
-1.31081	0.919105
-1.56137	1.17401
-1.58532	1.11934
-1.62693	1.12336
-1.62606	1.05712
-1.59917	0.826175
-1.61907	0.755971
-1.6555	0.858823
-1.54221	0.725053
-1.48585	0.861051
-1.49848	1.22419
-1.32091	1.26961
-1.13321	1.22947
-1.06008	1.39131
-0.954248	1.29731
-0.718288	0.848935
-0.697251	0.52892
-1.37957	1.04856
-1.66383	1.59272
-1.78197	1.74342
-1.67145	1.38375
-1.19584	0.575729
-0.664688	0.386748
-0.462891	0.139962
-0.364682	0.169936
-0.470661	0.359786
-0.664498	0.55957
-1.46575	1.33209
-1.53078	1.31558
-1.46921	1.3187
-1.43777	1.39655
-1.43876	1.14835
-1.45814	1.12609
-1.0686	0.904713
-1.13861	1.02863
-1.04871	0.947844
-0.960561	1.03104
-0.5467	0.770626
-0.520031	0.679093
-0.159405	0.840987
-0.208644	0.914318
-0.158772	0.700455
-0.50912	0.297711
-0.499941	0.200091
-0.208451	0.0654276
-0.429513	0.224229
-0.918527	0.794319
-0.37566	0.183251
-0.586687	0.25824
-0.95602	0.790421
-1.03081	0.985805
-0.909856	0.854938
-0.671619	0.835568
-0.757012	0.857946
-0.285477	0.514435
-0.220284	0.41021
0.455786	0.356272
0.257503	0.748651
-0.022567	0.338414
-0.919231	0.561418
-1.20486	1.16664
-1.45975	1.59425
-1.41415	1.59386
-1.38108	1.6838
-1.32805	1.55406
-1.20686	1.31101
-1.97744	2.50785
-1.80225	1.99212
-1.74402	1.85792
-1.87868	1.88
-2.03062	1.97389
-2.12707	1.93359
-1.94952	1.47084
-2.04702	1.93578
-1.98796	1.70395
-1.7576	1.46317
-1.66119	1.10389
-1.46382	1.09727
-1.25418	0.826748
-1.17496	1.10646
-0.737974	0.717523
-0.39882	0.746588
-0.477123	0.588776
-0.609355	0.682016
-0.560308	0.73947
-0.54189	0.720925
-0.365459	0.629107
-0.280973	0.525656
-0.538492	0.803323
-0.367079	0.537887
-0.389454	0.42214
-0.402607	0.574743
-0.439009	0.686369
-0.353487	0.791926
-0.438217	0.74204
-0.996189	0.991731
-1.09154	0.681403
-0.511483	0.507907
-0.454096	0.771246
-0.522548	0.765059
-0.555239	0.766963
-0.676419	0.913818
-0.622348	0.863494
-0.627934	0.717973
0.223505	0.752018
0.240533	0.798905
0.203393	0.652591
0.226149	0.627556
0.284236	0.876647
0.369106	0.76223
0.177906	0.564798
0.393935	0.597362
0.297347	0.381321
0.410045	0.609563
0.472159	0.551085
0.549172	0.63736
0.428133	0.597541
0.211484	0.365594
0.384997	0.554633
0.425407	0.559221
0.0875745	0.588593
0.124524	0.498333
0.35094	0.513947
0.104753	0.379286
-0.0847923	0.539262
0.0778032	0.511013
-0.0157338	0.614101
-0.163818	0.412197
-0.235201	0.530926
-0.215999	0.574107
-0.25691	0.482642
-0.186899	0.449499
-0.488886	0.415644
-0.704662	0.609245
-0.723242	0.66762
-0.635257	0.603726
-0.572273	0.616006
-0.482527	0.425734
-0.417228	0.617953
-0.204655	0.646946
-0.0333775	0.499908
0.135087	0.581423
0.0327242	0.71437
-0.052503	0.728129
0.107093	0.693406
0.124021	0.892906
0.216084	0.769421
0.170939	0.671791
0.378411	0.82621
0.365608	0.952179
0.310113	0.774834
0.223122	0.791826
0.281635	0.91935
0.143923	0.719271
-0.460251	0.385833
-0.916358	0.731783
-0.395457	0.521386
-0.127027	0.354307
0.0737023	0.221671
0.153637	0.140528
0.197496	0.0917874
0.281682	0.0501671
0.222985	0.0293706
0.111973	0.0611959
-0.00234796	0.017522
-0.188484	0.0422877
-0.304124	0.176625
-0.341613	0.30863
-0.508412	0.423767
-0.855177	0.758414
-1.08324	0.94551
-1.39323	1.27108
-1.49753	1.17501
-1.56395	0.795064
-1.44237	0.45405
-1.6661	0.851904
-1.64383	0.610241
-1.63536	0.793501
-1.85747	1.37204
-1.88082	1.62101
-1.72035	1.68887
-1.35714	1.31048
-1.10954	1.19563
-0.856622	0.893877
-0.956652	0.719316
-1.44594	1.3349
-1.14475	0.955036
-1.23807	1.23532
-1.22101	1.22104
-1.11593	1.07869
-1.17488	1.22979
-1.16432	1.17558
-0.88234	0.68823
-0.823843	0.588818
-0.870866	0.596408
-0.833952	0.560638
-0.878117	0.62804
-0.892178	0.573404
-0.812796	0.282266
-0.44605	-0.334706
-0.142875	-0.361084
0.0550975	-0.244843
0.159642	-0.102093
0.203554	-0.282531
0.0390588	-0.12583
-0.747031	0.523389
-0.850909	0.513422
-0.776828	0.470058
-0.736584	0.552461
-0.77364	0.679288
-0.895602	0.913824
-1.05938	1.10758
-1.38592	1.09895
-1.55098	1.15941
-1.59739	1.21971
-1.60422	1.16334
-1.6193	1.25804
-1.62608	1.21516
-1.65493	1.38456
-1.36288	0.756506
-1.46217	0.929677
-1.37926	0.986503
-1.52799	1.25702
-1.58094	1.19586
-0.808189	0.58782
-0.319879	0.830214
-0.431518	0.661148
-0.715648	0.736032
-0.616851	0.556378
-0.528605	0.502001
-0.573863	0.584102
-0.601869	0.626593
-0.548711	0.558862
-0.610406	0.593067
-0.613131	0.571959
-0.682175	0.630292
-0.774901	0.66956
-0.728015	0.626129
-0.861974	0.722845
-1.01437	0.929794
-0.987535	0.84546
-1.18698	0.813961
-0.971455	0.684967
-0.945213	0.65743
-0.698884	0.40421
-0.745123	0.544292
-0.619566	0.219936
-0.626545	0.283706
-0.501423	0.343854
-0.42798	0.808022
-0.522739	0.793257
-0.402268	0.830054
-0.393197	0.520011
-0.413782	0.240643
-0.658549	0.804644
-0.0990735	0.59197
-0.0756067	0.792861
-0.343234	0.547649
-0.914745	0.838957
-1.05755	1.03048
-1.0452	1.07604
-1.09188	1.06099
-1.17507	1.22026
-1.3994	1.42569
-1.64361	1.60535
-1.80413	1.83515
-1.85399	2.209
-2.0046	2.62368
-1.81572	2.149
-1.68928	1.92287
-1.72389	1.90041
-1.71137	1.83262
-1.79817	1.9501
-1.45606	1.14507
-0.275582	0.380457
-0.717532	0.298619
-0.479943	0.438764
-0.445613	0.47285
-0.253092	0.366651
-0.182338	0.317544
-0.196935	0.325795
-0.310081	0.393259
-0.472279	0.595976
-0.810748	0.831752
-1.36463	1.06483
-1.45123	1.20189
-1.58684	1.40261
-1.47094	1.31647
-1.25044	1.18057
-1.42346	0.986598
-1.59151	1.233
-1.48759	0.820407
-1.52051	0.85055
-1.34259	0.393277
-1.23955	0.244022
-1.23652	0.151991
-1.27016	1.22083
-1.28102	1.4085
-1.7344	1.49354
-1.669	0.88064
-1.47807	0.516387
-1.32634	0.697422
-1.13343	0.771047
-0.842378	0.683365
-0.592775	0.558391
-0.266391	0.309574
-0.167893	0.26195
-0.483627	0.49433
-0.878479	0.805699
-1.09104	0.591634
-0.754673	0.264637
-0.684353	0.333465
-0.481549	0.440536
-0.585324	0.488373
-0.529561	0.552463
-0.527404	0.81729
-0.313357	0.43688
0.123907	-0.0270055
0.454864	0.431391
0.313769	0.645289
-0.293492	0.56102
-0.480532	0.656639
-0.85269	0.56557
-0.713666	0.590677
-0.596211	0.360273
-0.665989	0.379798
-0.978847	0.711596
-0.895929	0.509247
-0.648977	0.382045
-1.41565	1.44557
-0.750243	0.602696
-0.79129	0.804458
-0.874892	0.827843
-0.945541	0.692067
-1.20726	0.904784
-1.69057	1.57432
-1.83075	1.79365
-1.44366	1.26052
-1.21755	0.941702
-0.928994	0.834208
-0.722025	0.532209
-0.536345	0.934903
-0.535422	1.0407
-0.53565	1.05252
-1.08538	1.44708
-1.8308	2.504
-1.44949	1.86068
-1.31674	1.56928
-1.41741	1.5017
-1.30252	1.04866
-1.12102	0.822342
-0.686996	0.336072
-1.37049	1.46716
-1.22403	1.24909
-1.12646	1.17463
-1.00595	1.09063
-1.09508	0.972882
-1.02732	0.854364
-1.08362	0.99467
-1.14991	1.08644
-1.16776	1.07555
-1.34605	1.2194
-1.44112	1.34302
-1.5769	1.57375
-1.49838	1.54158
-1.54837	1.53679
-1.38199	1.17896
-1.37506	1.04575
-1.43984	1.16097
-1.4455	1.07145
-1.37363	1.00836
-1.29388	0.835079
-1.32016	0.762308
-1.26635	0.541749
-1.19538	0.515294
-0.912962	0.291941
-0.177134	0.320923
0.152712	0.000886153
0.971295	-0.0210135
0.705255	0.296571
0.40601	0.00225885
0.406257	-0.158102
0.603528	-0.158708
0.447968	0.106038
0.0830609	0.270706
0.157537	0.300008
-0.0242679	0.106329
-0.030612	0.0109351
-0.331808	0.201298
-0.209037	0.224471
-0.227862	0.00417063
0.153392	-0.0490477
0.601623	-0.25389
0.178837	-0.315387
0.0115458	-0.242424
0.286619	-0.0160113
0.541801	0.0320188
0.78062	0.104865
0.967835	0.329634
-0.0727944	0.235284
-0.617965	0.647652
-0.495521	0.684936
-0.188009	0.518631
-0.471038	0.219782
-0.569242	0.509602
-0.542401	0.377497
-0.566419	0.551629
-0.604287	0.24793
-0.585028	0.207334
-0.757139	1.29193
-0.298701	0.879478
-0.161806	0.769072
-0.178737	0.822999
-0.322752	0.866524
-0.340226	0.994711
-0.500238	1.12264
-0.626028	1.12059
-0.738918	1.11629
-0.614496	1.09184
-0.674046	1.11712
-0.784632	0.811283
-0.783849	1.10448
-0.535628	1.01378
-0.610536	0.756411
-0.420782	0.978446
-0.455174	0.57182
-0.763996	0.759605
-1.34844	1.47072
-1.23011	1.30964
-1.30735	1.62172
-1.46115	1.67724
-1.41561	1.56541
-1.2476	1.47097
-1.01694	1.41241
-1.19021	1.50194
-1.19572	1.42409
-1.24035	1.40468
-1.33312	1.60823
-1.2839	1.62473
-1.26267	1.69948
-1.23042	1.75523
-0.921184	1.42702
-0.671736	1.09467
-0.341121	0.657417
-0.327948	0.578597
-0.214159	0.396804
-0.256239	0.338711
-0.419975	0.494906
-0.581279	0.644526
-0.907778	0.889198
-1.36255	1.35346
-1.41421	1.18054
-1.28757	0.925819
-1.23669	0.842027
-1.08927	0.997516
-1.12703	0.900474
-1.09017	0.855558
-0.576705	0.463815
0.164138	0.692568
-0.638998	0.878342
-0.491901	0.886196
-0.455344	0.416126
-1.16961	0.982958
-1.13662	1.06574
-0.961992	0.8975
-0.706595	0.506416
-0.647783	0.457427
-0.748011	0.645883
-0.879789	0.755275
-1.01749	0.828526
-1.03571	0.73938
-1.15318	0.701484
-1.32891	0.945768
-1.27559	1.07057
-1.08742	1.0951
-0.99588	1.09874
-0.959157	1.03099
-0.771351	0.741519
-0.533196	1.04421
-0.92111	1.33834
-1.44891	1.75923
-1.35644	1.65656
-1.28889	1.60193
-1.37641	1.66394
-1.56486	1.95508
-1.55979	1.93105
-1.55823	1.9497
-1.50242	1.90142
-1.72226	2.24167
-1.47226	1.89387
-1.40322	1.81128
-1.4742	1.86499
-1.58337	2.00417
-1.67052	2.06721
-1.62655	1.86817
-1.68726	1.9866
-1.67409	2.00189
-1.72982	2.25073
-1.65553	2.10069
-1.56633	1.98234
-1.5789	2.07188
-1.57014	2.09564
-1.50743	1.89119
-1.51711	1.94783
-1.49688	1.93362
-1.48989	1.97043
-1.31388	1.77788
-1.37965	2.04629
-1.17467	1.75226
-1.13379	1.71176
-1.12711	1.66751
-1.17793	1.61263
-1.26897	1.63767
-1.38396	1.6071
-1.741	2.03657
-1.74105	2.10328
-1.6706	1.95712
-1.58934	1.81659
-1.45119	1.59549
-1.50351	1.68271
-1.49189	1.67032
-1.47931	1.5869
-1.41806	1.4442
-1.49977	1.48642
-0.689479	0.0523225
-0.306899	0.114942
0.124027	0.304598
0.462414	0.671173
0.192253	0.512107
0.324167	0.76454
-0.309787	0.608816
-0.947359	0.887476
-1.43723	1.16757
-1.36816	1.32948
-1.32843	1.34424
-1.36271	1.41803
-1.43443	1.52738
-0.945126	0.92953
-0.596834	0.488335
-0.65891	0.410825
-0.802616	0.481781
-1.01261	0.707639
-1.25382	0.974377
-0.592073	-0.0248383
0.0224024	-0.188951
0.402952	0.0522588
0.460081	-0.0279764
-0.226508	0.174896
0.110989	0.684229
0.0982831	0.0448653
-0.411891	0.595422
-0.55209	1.24076
-0.628592	1.37153
-0.0734444	0.473125
-0.699422	0.826889
-0.718186	0.675275
-0.92402	0.805382
-1.14169	0.759362
-0.862494	0.612621
-0.769822	0.518679
-0.716692	0.459748
-0.776491	0.576978
-0.856036	0.547332
-0.966453	0.83406
-1.03337	0.798813
-1.31293	1.11705
-1.3112	1.01919
-1.36013	1.02996
-1.25902	0.888814
-1.39379	1.19675
-1.20892	1.02845
-0.956171	0.742811
-0.626109	0.500925
-0.524785	0.253419
-0.562132	0.12234
-1.46009	0.949526
-1.75115	1.69327
-1.58915	1.47732
-1.49614	1.27895
-1.57553	1.38206
-1.65817	1.48313
-1.65445	1.45123
-1.55224	1.35724
-1.47662	0.926591
-1.42606	0.977537
-1.4791	1.14245
-1.27515	0.983741
-1.20334	1.06917
-1.17675	0.97624
-1.15079	1.05215
-1.0809	1.19503
-0.711924	0.812563
-0.416739	0.367676
-0.157893	0.176984
-0.424589	0.512099
-0.683658	0.81335
-0.57561	0.734027
-0.651137	0.920187
-0.653983	0.867787
-0.545869	0.854327
-0.454676	0.83339
-0.391671	0.744682
-0.577419	0.773436
-0.603862	0.678951
-0.621853	0.690186
-0.330901	0.666825
-0.546544	0.675037
-0.651217	0.753484
-0.610915	0.706654
-0.638531	0.904335
-0.585729	0.960406
-0.452344	0.601417
-0.566135	0.829694
-0.75184	0.979652
-0.445496	0.946118
-0.492257	0.840045
-0.470364	0.833762
-0.294832	0.787247
-0.462314	0.958368
-0.363987	0.866189
-0.51487	0.870907
-0.421694	0.815131
-0.278327	1.02053
-0.334665	0.941231
-0.519823	0.918016
-0.489854	0.747089
-0.386996	0.734779
-0.33988	0.718335
-0.448152	0.916543
-0.4679	0.777106
-0.410663	0.587011
-0.321322	0.571728
-0.267243	0.743461
-0.340562	0.863227
-0.496292	1.07125
-0.127117	0.784411
-0.140892	0.886203
-0.441615	0.90685
-0.495078	0.925046
-0.505739	1.0599
-0.374044	0.938895
-0.234073	0.934805
-0.32652	1.0191
-0.436084	1.15155
-0.81638	1.14387
-0.799552	1.09359
-0.923418	1.14097
-0.556088	0.705564
-0.602399	0.538859
-0.484954	0.615369
-0.237369	0.523239
-0.530785	0.836061
-0.460919	0.809014
-0.59059	0.797185
-0.991393	1.21499
-1.85872	2.61449
-1.83494	2.53965
-1.0173	1.42865
-1.46187	2.04726
-1.58835	2.45031
-1.80023	2.83017
-1.82325	2.75746
-1.6874	2.3735
-1.47388	1.74879
-1.45257	1.64442
-1.47797	1.672
-1.38974	1.47998
-1.34469	1.28795
-0.929137	0.852128
-0.7625	0.706115
-1.2398	0.988341
-1.45056	1.25421
-1.38319	1.18671
-1.495	1.20911
-1.59217	1.5295
-1.39935	1.01476
-1.289	0.843876
-1.30628	0.95972
-1.34111	0.975551
-1.71148	1.54631
-1.6308	1.09971
-1.81131	1.17
-1.66773	0.812345
-1.58982	0.642363
-1.63595	0.771761
-1.74899	1.05455
-1.75782	1.3238
-1.05231	0.78826
0.110258	0.680704
0.723228	0.944745
1.16766	0.989633
1.38893	0.987291
1.329	0.762896
1.28012	0.87153
1.13928	0.489648
0.930788	0.535204
1.07164	0.927215
0.816496	0.663899
0.834123	0.704957
0.733442	0.937976
0.297136	0.573001
-0.426024	0.132858
-0.878711	0.313861
-0.595688	0.277413
-0.591174	0.445068
-1.16466	0.742507
-1.42012	1.39414
-1.50875	1.56636
-1.58879	1.73829
-1.70498	2.10642
-1.75269	2.13918
-1.88318	2.33439
-1.87558	2.1264
-1.81579	1.89861
-0.585425	0.280769
-0.216626	0.445768
-0.205919	0.628013
-0.201758	0.7066
-0.0598408	0.685958
-0.199814	0.718366
0.0330202	0.574543
-0.391483	0.809686
-0.632729	0.840617
-0.752094	0.921981
-0.560092	0.808959
-0.633169	0.685193
-0.17818	0.613397
-0.147181	0.595004
-0.256839	0.583404
-0.373434	0.762522
-1.88492	2.24924
-1.86587	2.31696
-1.86769	1.92371
-2.07819	2.47308
-1.90333	1.6754
-1.87267	1.45906
-2.12871	1.93449
-2.24229	2.30193
-2.12408	2.18326
-2.08997	2.35324
-1.81886	1.80866
-1.66543	1.51122
-1.73502	1.59254
-1.85821	1.69986
-1.74206	1.39399
-1.63094	1.16404
-1.32899	0.367366
-1.38262	0.514769
-1.01341	0.276025
-1.09314	0.57046
-0.765734	0.148353
-0.760789	0.324197
-0.686578	0.181359
-0.24392	0.69372
-0.37874	0.859775
-1.1602	1.32776
-1.47117	2.08521
-1.2277	1.71777
-0.959528	1.13165
-1.16004	1.20243
-1.29572	1.29633
-1.03166	1.07457
-0.97337	1.18874
-1.01805	1.28067
-0.981656	1.20593
-1.03167	1.27192
-0.9997	1.2686
-1.05631	1.22692
-1.07659	1.24521
-1.0516	1.21542
-0.978516	1.06225
-1.00377	1.10519
-1.03639	1.08876
-1.19949	1.28415
-1.14348	1.17834
-1.13947	0.992461
-0.545734	0.267796
-0.399374	0.163109
-0.875625	0.684458
-1.00883	0.855742
-0.923094	0.8233
-0.840301	0.870777
-0.788707	0.723878
-0.711234	0.977537
-0.717801	0.898825
-0.763501	0.971754
-0.649049	0.673903
-0.609374	0.529958
-0.672057	0.690375
-0.75623	0.92993
-0.646174	0.806179
-0.748345	0.804386
-0.858461	0.889111
-1.00801	0.933816
-0.667146	0.578989
-0.634327	0.646255
-0.653544	0.655563
-0.681741	0.555307
-0.455779	0.594528
-0.595954	0.563964
-0.526803	0.503364
-0.468223	0.584193
-0.587654	0.644343
-0.872029	0.49518
-1.73077	0.792022
-1.91546	1.78077
-1.69536	1.27664
-1.87466	1.3772
-1.83911	1.4792
-1.49686	1.08433
-1.47863	1.15919
-2.00108	2.39756
-1.75697	1.87882
-1.61793	1.64078
-1.67057	1.85478
-1.44088	1.40484
-1.29501	1.32697
-1.35113	1.53269
-1.27797	1.59201
-1.18371	1.44952
-1.05064	1.22435
-0.96244	0.986269
-0.855268	0.560706
-0.911486	0.302208
-1.40716	1.1952
-1.85867	1.9841
-1.85501	1.95499
-1.83683	1.87366
-1.86329	1.95602
-1.87345	1.93035
-2.01455	2.26648
-1.86251	1.8372
-1.9801	2.13333
-1.9618	2.04758
-1.79481	1.64761
-1.91893	1.79979
-1.91474	1.79871
-1.86732	1.76225
-1.03386	0.725534
-1.05782	0.562364
-1.46227	1.43094
-1.6292	1.82983
-1.85694	2.22177
-1.41508	1.6732
-1.14526	1.28847
-0.995655	0.960058
-0.930827	0.715371
-1.07759	0.901006
-1.04905	0.808342
-1.0812	0.835617
-1.141	0.815112
-1.13047	0.731582
-1.3414	1.15213
-1.49252	1.34363
-1.82209	1.85677
-1.8052	1.90487
-1.91289	2.04764
-1.54828	1.14438
-0.650964	0.0870667
-0.0532341	-0.0545541
0.0907689	0.390495
-0.133451	0.468703
-0.328129	0.603975
-0.44457	0.604077
-0.485446	0.594347
0.162111	0.614863
0.0588453	0.742841
0.0867484	0.812097
-0.193581	0.819273
-0.0220392	0.384263
0.142457	0.832048
-0.774745	0.817202
-0.627647	0.177073
-0.635919	0.293718
-0.545049	0.248064
-0.703657	0.289979
-0.637314	0.425928
-0.888859	0.790417
-1.07077	0.992308
-0.822987	0.445124
-1.5098	1.02336
-1.67062	1.3113
-1.20638	0.875208
-1.3331	1.15143
-1.54814	1.15786
-2.2591	2.27486
-2.19228	2.34368
-1.9442	2.02475
-1.77541	2.0796
-1.72233	1.94632
-1.72759	1.88944
-1.54585	1.47295
-1.79332	1.93728
-1.73498	1.80167
-1.73461	1.76109
-1.56438	1.39863
-1.80333	1.75492
-1.87574	1.76747
-1.92069	1.88907
-1.98616	1.977
-1.95789	1.77412
-1.85725	1.61388
-1.76732	1.53949
-1.79276	1.63084
-1.71531	1.56702
-1.61562	1.51843
-1.59048	1.42849
-1.56066	1.40342
-1.58257	1.59613
-1.59187	1.65991
-1.33952	1.28913
-1.31113	1.44852
-1.27795	1.42251
-1.25028	1.39194
-1.21371	1.37549
-1.35554	1.53727
-1.2995	1.44809
-1.26098	1.1731
-1.63971	1.69313
-1.86667	1.97882
-2.01336	2.26653
-2.2009	2.5141
-2.10807	2.23447
-2.18453	2.38591
-2.30991	2.59012
-2.44632	2.69349
-2.20397	1.83004
-2.12737	1.64969
-2.10368	1.58992
-2.13821	1.67486
-2.20284	1.64885
-2.06746	1.41936
-1.99668	1.25806
-1.99462	1.22404
-1.96101	1.18815
-1.95263	1.09837
-1.84368	1.03139
-1.62	0.7961
-1.58181	0.625096
-1.55603	0.927869
-1.49108	1.18808
-1.51314	1.86724
-1.54093	1.57173
-1.10129	0.609931
-0.990911	0.70437
-0.967737	0.773453
-0.85691	0.593524
-0.583425	0.695243
-0.778112	0.794412
-0.693251	0.763901
-0.685886	0.63795
-0.918956	0.820183
-0.771102	0.811916
-0.631323	0.609568
-0.814835	0.694435
-0.53751	0.872271
-0.10226	1.05166
-0.199627	0.904409
-0.246641	0.86196
-0.362334	0.65089
-0.143012	0.515408
-0.252525	0.482865
-0.395557	0.70573
-0.391033	0.569111
-0.411881	0.538298
-0.572755	0.61642
-0.36866	0.59629
-0.201655	0.607755
-0.51538	0.630885
-0.432622	0.741032
-0.610622	0.714933
-0.33194	0.470993
-0.480544	0.606808
-0.54617	0.846787
-0.187626	0.535995
-0.378242	0.808559
-0.545538	0.835714
-0.571096	0.75367
-0.425903	0.924927
0.128143	0.9774
0.0821023	0.85286
0.0874966	0.688708
0.284555	0.638965
0.0965634	0.647967
-0.0739624	0.901899
-0.0928015	0.875215
-0.0923192	0.66226
0.0812218	0.59076
-0.0146606	0.731845
0.129446	0.779872
-0.0330828	0.858108
0.0341766	0.764554
-0.182823	0.821575
-0.060512	0.67332
-0.171564	0.68026
-0.159193	0.676461
-0.181817	0.629248
-0.172227	0.460556
-0.20588	0.357662
-0.354448	0.612472
-0.511854	0.622158
-0.451024	0.539099
-0.390101	0.526022
-0.534633	0.798345
-0.622042	0.686318
-0.53194	0.692789
-0.51443	0.60724
-0.546021	0.718936
-0.628456	0.67141
-0.830789	0.76396
-0.92581	0.693497
-1.10461	0.625426
-0.962323	0.76665
-0.890967	0.431888
-0.930895	0.34762
-0.806358	0.791808
-0.109598	0.547583
0.165116	0.118461
0.407944	0.299519
0.277774	0.0988426
0.0755517	0.0736437
-0.25263	0.24833
0.0101539	0.399753
0.112687	0.641344
-0.0398995	0.594398
0.205249	0.689453
0.156125	0.810629
-1.01762	0.700352
-0.893696	0.540366
-0.95962	0.71729
-0.930035	0.722648
-0.789579	0.659479
-0.817725	0.759694
-1.00991	1.02464
-1.07173	1.13772
-1.21763	1.38615
-1.2515	1.359
-1.51017	1.59999
-1.76474	1.85317
-1.84728	1.94118
-1.80091	2.08472
-1.91765	2.39
-1.90561	2.33901
-1.93396	2.38789
-1.97783	2.42727
-1.83948	2.00485
-1.82913	1.91838
-1.56375	1.20964
-1.24595	0.648584
-1.03729	0.399693
-0.57826	0.00550933
-0.364313	0.039771
-0.899321	0.619069
0.174001	0.183109
0.339867	0.615687
0.294639	0.570287
0.306095	0.209306
-0.157813	0.00995557
-0.242203	0.154018
-0.30453	0.184671
-0.384913	0.26437
-0.437495	0.366369
-0.434032	0.370381
-0.474854	0.451153
-0.547117	0.545764
-0.700929	0.714355
-0.909066	1.00239
-1.26887	1.46775
-1.3178	1.33642
-1.18441	1.0742
-1.15695	0.960268
-1.06121	0.881976
-1.39057	1.53517
-1.56602	1.5785
-1.41628	1.12138
-1.34868	0.885963
-1.36969	0.832872
-1.37438	0.745551
-1.44036	0.854324
-1.43624	0.807281
-1.36882	0.743641
-1.19823	0.631687
-1.02143	0.597898
-0.891939	0.691344
-0.802874	0.663802
-0.386542	0.0653128
-0.787439	0.105123
-0.969307	0.251222
-0.44508	-0.387864
0.398381	-0.44925
1.23111	0.0467586
1.45567	0.472065
1.22582	0.687357
1.26017	0.695356
0.771042	0.247215
-0.366035	0.286288
-0.416399	0.451252
-0.726185	0.486408
-1.02122	0.563422
-1.28241	0.528324
-1.39746	0.421327
-1.69765	0.881808
-1.73159	0.729929
-1.71981	0.771701
-1.68888	0.882605
-1.3426	0.380576
-1.20077	0.458518
-1.09962	0.608571
-1.06584	0.722587
-1.19571	1.12002
-1.40324	1.52364
-1.26953	1.47742
-1.26753	1.58844
-0.984597	1.14552
-0.990643	1.22996
-1.03824	1.33516
-1.15537	1.43516
-1.35503	1.49205
-1.11002	1.24341
-1.09769	1.38933
-0.820513	1.05075
-0.633922	0.789806
-0.602918	0.687199
-0.668812	0.727779
-0.614853	0.607209
-0.659676	0.620147
-0.631066	0.529558
-0.734488	0.636678
-0.743787	0.682088
-0.917544	0.887272
-1.04186	0.892908
-1.29174	0.924123
-1.21611	0.745208
-1.09773	0.730916
-0.978643	0.641126
-0.98192	0.636831
-0.768075	0.638719
-0.858581	0.61827
-1.10082	1.13541
-0.773133	0.650341
-0.742976	0.60201
-0.799301	0.81294
-0.782286	0.891513
-0.797554	0.677219
-0.712869	0.711838
-0.730643	0.823535
-0.867788	0.696237
-1.27557	0.67807
-1.6296	1.25774
-1.56923	0.959896
-1.6575	1.32341
-1.35187	1.09064
-1.26717	0.937444
-1.55336	1.7546
-1.58536	1.92056
-1.72667	2.34629
-2.00229	3.0121
-1.97587	2.72612
-1.52883	1.70161
-1.08682	0.955481
-0.640164	0.685181
-0.298566	0.920222
0.158665	0.800243
0.358215	1.06632
-0.0385807	1.00121
0.299465	1.32548
0.338589	1.37028
0.356057	1.13022
-0.348199	0.889736
-0.935131	0.895878
-0.401652	0.427318
-0.281337	0.460862
-0.298727	0.505431
-0.450619	0.636532
-0.761353	0.868257
-0.274701	0.291819
-0.824332	0.940322
-0.966917	1.28543
-1.31522	1.4647
-1.38861	1.65175
-1.65766	1.72696
-1.87039	2.50726
-1.71849	2.17577
-1.36107	1.40428
-1.76128	2.19759
-1.69502	1.86571
-1.75863	1.80591
-1.85588	2.0377
-1.65333	1.72105
-1.69054	1.70014
-1.66114	1.61605
-1.7377	1.74564
-1.71409	1.53408
-1.76021	1.55197
-1.87829	1.59771
-1.81774	1.52207
-1.51663	0.85629
-1.14541	0.672702
-0.75931	0.473457
-0.690221	0.575587
-0.761155	0.459774
-0.806002	0.67654
-0.720272	0.584643
-0.561868	0.361373
-0.641172	0.315429
-0.740419	0.435424
-0.653072	0.606737
-0.827418	0.567336
-0.728308	0.526806
-0.729946	0.395314
-0.418712	0.413243
-0.576455	0.361429
-0.479031	0.360078
-0.315377	0.443829
-0.391185	0.798484
-0.349617	0.656504
-0.387294	0.357998
-0.371639	0.408315
-0.285589	0.469362
-0.180047	0.527898
-0.319832	0.611672
-0.327765	0.452867
-0.629189	0.572215
-0.330396	0.377829
-0.866839	0.605584
-1.61359	1.36772
-1.75903	1.73381
-1.95698	1.8996
-1.92294	1.50399
-1.84819	1.24739
-1.35595	0.687246
-1.20429	0.859011
-1.6433	1.99536
-1.38874	1.68272
-1.16036	1.43254
-1.17153	1.446
-1.03446	1.11466
-1.00256	0.899477
-1.15561	0.81492
-1.45823	1.00957
-1.37028	1.14821
-0.881977	0.987852
-0.750793	0.976438
-0.901527	1.04239
-0.827118	1.10021
-0.21571	0.672836
-0.0955913	0.638029
0.120076	0.651403
-0.0313192	0.434495
-0.0873197	0.591064
0.0297887	0.928586
-0.0313418	0.690986
-0.134881	0.51831
-0.338164	0.486625
-0.268	0.369193
-0.277749	0.382053
-0.430863	0.604227
0.105455	0.777909
-0.150103	0.875062
-0.879557	0.925405
-0.906571	0.925913
-1.13204	1.32229
-1.20108	1.37837
-1.30128	1.50989
-1.13472	1.28205
-0.864268	0.995289
-0.831412	0.99334
-0.822979	1.03914
-0.824433	1.1222
-0.891441	1.2476
-1.01982	1.38856
-1.13484	1.38761
-1.26307	1.38209
-1.24838	1.12465
-1.1679	0.830476
-1.29977	0.899489
-1.31776	0.987485
-1.41447	1.31495
-1.57429	1.81978
-1.84343	2.65611
-1.82199	2.57153
-1.50227	1.83142
-1.68172	2.396
-1.70007	2.48408
-1.54191	2.0874
-1.56404	2.09775
-1.60473	2.15923
-1.77461	2.52956
-1.64048	2.22497
-1.85193	2.7153
-1.29762	1.57519
-0.773689	1.22905
-0.972634	1.66697
-1.12784	1.55763
-0.83551	1.15349
-0.67976	1.07342
-1.14981	1.22844
-1.45742	1.97968
-1.37807	1.70795
-1.31168	1.52158
-1.25351	1.41619
-1.27191	1.43451
-1.1	1.16549
-1.0163	1.07727
-1.32265	1.47231
-1.50274	1.5608
-1.37365	1.1832
-1.62369	1.66674
-1.69804	1.9465
-1.61484	1.79625
-1.7242	1.86167
-1.82483	1.75623
-1.77352	1.53995
-1.75799	1.41521
-1.7223	1.30538
-1.72671	1.28142
-1.8227	1.42061
-1.72447	1.16773
-1.69298	0.986638
-1.69563	0.989517
-1.81388	1.29265
-1.85018	1.69406
-1.4507	1.1411
-0.965315	0.562701
-0.784151	0.322958
-1.03484	0.601316
-0.899367	0.710859
-0.175081	0.490092
-0.0292796	0.635639
-0.936604	1.14278
-1.22436	1.25579
-1.6949	1.85126
-1.50123	1.73714
-1.54153	2.04897
-1.56599	2.22063
-1.45314	2.11783
-1.38972	2.06106
-1.34443	1.94827
-1.29441	1.86484
-1.18351	1.60579
-1.1414	1.48769
-1.13389	1.38873
-1.13691	1.22491
-1.13932	1.22357
-1.06765	1.13677
-1.0865	1.22469
-1.09027	1.2564
-1.15829	1.33205
-1.19003	1.35516
-1.22463	1.4618
-1.21404	1.38254
-1.08082	1.1732
-1.13627	1.18431
-1.13084	1.10049
-0.990066	1.017
-1.02075	1.06375
-1.06174	1.1458
-1.16303	1.29729
-1.09977	1.25466
-1.16942	1.38346
-1.13229	1.35999
-1.13344	1.35649
-1.3301	1.63178
-1.35789	1.62921
-1.39436	1.6138
-1.61507	1.98681
-1.61944	1.90914
-1.50681	1.69759
-1.46208	1.64187
-1.49431	1.76925
-1.43719	1.70335
-1.23599	1.4382
-1.00882	1.11868
-0.96445	1.05692
-0.947628	1.05618
-0.985276	1.47412
-1.00494	1.27392
-1.15212	1.54517
-1.53282	2.00575
-1.60068	1.86681
-1.87144	2.2465
-1.87611	1.84792
-1.94767	1.75415
-2.05967	1.76004
-1.97082	1.36838
-2.10304	1.6765
-2.05592	1.77258
-1.79782	2.22551
-1.79794	1.48901
-1.68169	1.04439
-1.53126	0.809085
-1.60173	1.16416
-1.37847	0.916647
-1.03898	0.844222
-0.51945	0.340971
-0.111333	0.398243
-0.303589	0.538675
-0.4225	0.65585
-0.463916	0.774306
-0.659584	0.744901
-0.639071	0.566712
-0.709445	0.770388
-0.635633	0.818711
-0.434309	0.80778
-0.594306	0.966554
-0.490979	0.809957
-0.507618	0.668039
-0.587911	0.780855
-0.54604	0.787502
-0.443552	0.547339
-0.38288	0.686347
-0.41034	0.736052
-0.309397	0.475809
-0.403226	0.401166
-0.859795	0.870701
-0.518285	0.629893
-0.499787	0.555383
-0.509155	0.81182
-0.602273	0.773252
-0.702538	0.641786
-0.530954	0.808435
-0.626812	0.928147
-0.649303	0.934048
-1.10031	0.959009
-1.79673	1.95828
-1.6407	1.84604
-1.63739	1.88322
-1.69445	2.03589
-1.47432	1.69583
-1.15141	1.01784
-0.978729	0.850098
-1.25849	1.18577
-1.44869	1.36419
-1.51755	1.26775
-1.59944	1.25537
-2.06741	2.19519
-1.58556	1.1495
-1.23477	0.778074
-1.13692	0.822112
-1.06846	0.942816
-0.313713	0.267608
-0.74094	1.04839
-1.17828	1.5657
-1.58872	1.73182
-1.62166	1.88568
-1.7024	2.08261
-1.53223	1.78031
-1.46614	1.5459
-1.54467	1.53869
-1.70475	2.10123
-1.59638	2.00359
-1.55468	1.84835
-1.53631	1.71832
-1.67646	1.84799
-1.95391	2.42778
-1.82391	1.90526
-1.91119	1.94686
-1.28821	1.10563
-0.763958	0.832524
-0.30555	0.483468
-0.0950127	0.157086
-0.0706089	-0.0682133
0.00596694	-0.175544
0.024631	-0.22954
0.0130201	-0.250705
-0.0747659	-0.0790061
-0.112424	-0.0217907
-0.347846	0.127335
-0.647214	0.347064
-1.05107	0.73137
-0.98058	0.442581
-1.01405	0.527933
-0.971611	0.485599
-0.665332	0.256102
-0.372898	0.158657
-0.360223	0.137495
-0.428297	0.0542657
-0.098072	-0.318003
-0.23707	-0.309291
-1.52476	1.31942
-1.72725	1.86678
-1.57775	1.7006
-1.59237	1.86086
-1.68571	2.09142
-1.78379	2.3508
-1.77452	2.34912
-1.78632	2.41791
-1.98763	2.90315
-1.89179	2.33711
-1.96454	2.63622
-1.64779	1.95942
-1.68853	2.13631
-1.72295	2.18975
-1.65236	2.12652
-1.84153	2.61766
-1.72183	2.48463
-1.59947	2.2045
-1.49949	1.95265
-1.2384	1.24487
-1.05771	0.945947
-0.705983	0.459552
-0.760306	0.292966
-0.654331	0.232482
-0.576171	-0.00397977
-0.436662	-0.0247718
-0.488171	-0.09732
-0.593933	-0.205786
-0.65597	-0.136139
-0.697322	0.000326695
-0.777747	-0.115776
-0.883878	0.239845
-0.808957	0.214265
-0.874449	0.342805
-0.877037	0.401527
-0.874524	0.394443
-0.744192	0.205338
-0.690934	0.285334
-0.454573	0.441381
-0.326078	0.388406
-0.395126	0.514524
-0.816718	0.764724
-0.837483	0.860682
-1.2356	1.4242
-1.69305	1.76343
-1.72989	1.58687
-1.69117	1.49114
-1.60756	1.05628
-1.74846	1.35415
-1.54992	1.14192
-1.10798	0.723471
-1.14426	0.999458
-0.885805	1.02657
-0.692106	0.899854
-0.59141	0.605535
-1.69639	1.94587
-1.63902	2.05572
-1.54516	2.00454
-1.57671	2.02068
-1.37759	1.60886
-1.51712	2.00342
-1.75086	2.45002
-1.62646	1.92073
-1.39537	1.49486
-1.38693	1.44592
-1.46787	1.45631
-1.63593	1.74038
-1.47779	1.39286
-1.51121	1.45817
-1.51725	1.5378
-0.94597	0.619947
-0.562355	0.319165
-0.33074	0.0494618
-0.331374	0.103356
-0.331382	0.111437
-0.493285	0.240334
-0.694304	0.663242
-1.1191	1.2328
-0.734216	0.630461
-0.667086	0.589667
-0.767851	0.485309
-0.915848	0.366599
-1.10167	0.530266
-0.944357	0.535696
-0.968288	0.416405
-1.23103	0.959383
-1.48346	1.48939
-1.63765	1.76859
-1.92361	2.32711
-1.91661	2.19771
-2.06144	2.32441
-2.0017	2.04054
-1.99042	2.06613
-1.60482	1.25188
-1.30055	0.8162
-1.51807	1.16248
-1.35576	0.960961
-1.15237	0.901997
-1.06896	0.773988
-0.936266	0.790139
-0.87175	0.612902
-0.661153	0.632528
-0.569797	0.683503
-0.530946	0.689246
-0.427461	0.576743
-0.376973	0.726773
-0.464487	0.611837
-0.605952	0.688551
-0.391347	0.503855
-0.550719	0.700698
-0.606294	0.644983
-0.779647	1.04614
-0.65966	0.946491
-0.517914	0.859326
-0.604064	1.25284
-0.628042	1.24201
-0.706638	1.14514
-0.692844	1.04851
-0.723826	1.11267
-0.434324	1.01476
-0.362542	1.24451
-0.307805	1.18774
-0.220469	1.00799
-0.471027	1.11482
-0.454172	1.1748
-0.284176	1.10853
-0.301256	0.928928
-0.422851	1.16891
-0.161114	1.0213
-0.448676	0.94113
-0.463041	1.12321
-0.345406	0.970306
-0.510159	1.05542
-0.607478	1.1651
-0.507307	1.06108
-0.378231	1.28252
-0.542001	1.26981
-0.707156	1.30434
-0.842161	1.38165
-0.102298	0.73573
-0.0511609	0.563974
-0.228178	0.566487
-0.322848	0.523099
-0.302256	0.476714
-0.322947	0.31751
-0.306387	0.608723
-0.249845	0.511157
-0.227429	0.758069
-0.794158	1.31971
-1.81679	2.69158
-1.89187	2.87219
-1.8776	2.68463
-1.93373	2.68362
-1.90312	2.31361
-1.86287	2.06106
-1.83864	1.82994
-2.07503	2.37203
-2.03506	2.42706
-1.74038	1.63491
-1.76419	1.71129
-1.57018	1.58396
-1.42431	1.29063
-1.72311	1.59913
-1.76218	1.46746
-2.00703	2.09014
-2.10097	2.43815
-1.94369	2.13402
-1.80515	1.76361
-1.77296	1.53681
-1.83671	1.68447
-1.85436	1.66676
-1.83277	1.51679
-1.90616	1.68516
-1.76862	1.30535
-1.81032	1.55985
-1.6867	1.534
-1.78861	1.40613
-1.71911	1.03796
-1.69252	1.12816
-1.69876	1.18675
-1.62583	1.03216
-1.54556	0.800104
-1.47907	0.673505
-1.70023	1.23983
-2.01343	2.14351
-1.77552	1.59388
-1.7595	1.69123
-1.7766	1.69716
-1.77448	1.61301
-1.84018	1.74979
-1.80249	1.5825
-1.64816	1.27674
-1.13759	0.960239
-1.31681	1.23886
-1.43146	1.73442
-1.54141	2.04764
-1.711	1.68993
-0.467571	0.70601
-1.15662	1.35405
-1.3716	1.78165
-1.44614	1.96166
-1.5033	1.96914
-1.77176	2.34815
-2.02213	2.63622
-1.63378	1.71553
-1.31122	1.3385
-1.42307	1.468
-1.29085	1.2585
-1.28033	1.41692
-1.18694	1.11299
-1.06641	1.08602
0.038657	0.533028
-1.07846	0.956476
-1.71895	2.36339
-1.66314	2.41346
-1.51591	2.18117
-1.5796	2.2734
-1.54538	2.03049
-1.55903	1.81857
-1.62295	1.73043
-1.84488	1.93144
-1.68294	1.79915
-1.61929	1.74004
-1.70871	2.02899
-1.68632	1.86128
-1.44528	1.42207
-1.60715	1.66575
-1.80186	1.95357
-1.64749	1.33488
-1.80969	1.63636
-1.50154	1.25485
-0.911403	0.668361
-0.967503	0.916467
-1.06052	1.32946
-1.10434	1.49579
-1.10531	1.61482
-1.15886	1.70694
-1.20426	1.70579
-1.25988	1.71362
-1.40329	1.79217
-1.55272	1.82057
-1.5626	1.52855
-1.56525	1.26941
-1.62282	1.31126
-1.28862	0.977488
-1.01213	0.558665
-0.663416	0.319307
-0.92234	0.201381
-0.882042	0.301918
-0.882634	0.357774
-0.886398	0.320471
-0.879859	0.36795
-0.986448	0.302332
-1.17056	0.559945
-1.53011	1.1098
-1.70015	1.31679
-1.20113	0.724426
-1.14224	0.839214
-0.88381	0.631371
-0.959183	0.545486
-0.969959	0.759126
-0.896967	0.631971
-0.212252	0.339063
-0.166919	0.423201
0.00913772	0.4291
0.103234	0.605047
0.311781	0.577885
0.273046	0.777468
0.297874	0.602586
0.401471	0.525836
0.225397	0.59412
0.0904347	0.56742
0.22153	0.650137
0.427782	0.660217
0.336433	0.671389
0.184422	0.578705
0.0920344	0.525068
0.123906	0.404216
0.053748	0.361789
-0.338044	0.424864
-0.217372	0.452787
-0.264097	0.528279
-0.577441	0.572951
-0.420713	0.804676
-0.43222	0.757611
-0.630501	0.813707
-0.452121	0.602056
-0.492519	0.762724
-0.574818	0.866728
-0.482798	0.77605
-0.602499	0.841255
-0.627177	0.837138
-0.523625	0.93426
-0.15932	0.667248
-0.387309	0.525468
-0.520622	0.562253
-0.334771	0.391648
-0.413824	0.494278
-0.43298	0.401913
-0.338244	0.540363
-1.0547	1.24809
-0.71258	0.882977
-0.658318	0.6184
-0.846549	0.951725
-0.871001	0.875999
-0.734063	0.838909
-0.686697	0.818696
-0.537948	0.648272
-0.455873	0.822558
-0.677131	0.970539
-0.869572	1.01968
-0.739719	0.873133
-0.726655	0.818777
-0.663731	1.00235
-0.694687	1.05096
-0.679885	0.846575
-0.690013	0.790541
-0.667745	0.686344
-0.36175	0.442509
-0.498394	0.590187
-0.720607	1.19483
-0.537174	0.969649
-0.389725	0.853862
-0.403639	1.0023
-0.572208	1.08248
-0.853085	1.06007
-0.81951	1.04685
-0.868257	1.00799
-0.542367	0.555521
-0.425713	0.456287
-0.71308	0.726805
-0.931984	0.67905
-1.23442	0.495772
-1.25074	0.384182
-1.45709	0.700655
-1.43495	0.603359
-1.51712	0.653036
-1.69792	0.871084
-1.72258	1.12174
-1.39336	0.430031
-1.35716	0.412843
-1.24801	0.224192
-1.19794	0.428843
-0.806868	0.171288
-0.524854	0.437156
-0.500294	0.474691
0.207846	0.191836
0.00679559	-0.139814
-0.458274	0.0678751
-0.38454	0.184524
-0.625516	0.622735
-0.584151	0.574988
-0.796647	0.871593
-0.765537	0.608927
-0.737272	0.417111
-0.905486	0.60965
-1.00326	0.788921
-0.957116	0.685895
-0.875933	0.62646
-0.846446	0.705389
-0.802191	0.754121
-0.796652	0.844529
-0.955147	1.10368
-1.18357	1.44872
-1.04675	1.24451
-0.963931	1.13529
-1.16558	1.43839
-1.31254	1.69574
-1.6967	2.23116
-1.81151	2.19324
-1.74413	1.81608
-1.67583	1.55229
-1.73823	1.76525
-1.64367	1.69831
-1.40543	1.44248
-1.18979	1.29155
-1.10108	1.26452
-0.97973	1.15914
-0.94813	1.11451
-1.01497	1.12278
-1.16618	1.1591
-1.5509	1.22691
-1.54105	1.36332
-1.21181	1.25765
-0.685899	0.636557
-0.256775	0.391809
-0.267506	0.53588
-0.19883	0.591661
-0.06702	0.244535
0.145028	0.538375
0.122346	0.423859
-0.268014	-0.14423
-0.654803	-0.0432423
-0.673329	0.048354
-0.623636	0.054028
-0.581957	0.0154841
-0.550258	-0.0466234
-0.451691	-0.165307
-0.494211	-0.180397
-0.662644	0.127299
-0.867666	0.609846
-0.900939	0.726435
-0.782811	0.590311
-0.738036	0.571384
-0.737639	0.61845
-0.649407	0.509282
-0.677881	0.54485
-0.670737	0.483672
-0.703381	0.467587
-0.763468	0.502068
-0.909021	0.674696
-0.906495	0.613213
-0.962732	0.676194
-0.571232	-0.197752
-0.173941	-0.522037
0.066613	-0.409065
0.330611	-0.319534
0.474059	-0.184697
0.461845	-0.111589
0.685205	0.00133548
0.676836	-0.103149
0.566778	-0.214346
0.183846	-0.167039
-0.126112	-0.178204
-0.0849662	-0.0980749
-0.262592	0.0865026
-0.2409	0.0811823
-0.129741	-0.0345632
0.00542077	-0.0768989
0.0711755	-0.0857422
-0.0166045	-0.0304325
-0.125989	-0.168035
-0.185747	-0.244803
-0.0864857	-0.317847
-0.227936	-0.296832
-0.498959	-0.0154968
-0.874682	0.452287
-0.963264	0.585757
-0.928084	0.320734
-0.638288	-0.141612
-0.164269	-0.205211
-0.220013	0.252765
0.217626	0.35534
0.234985	0.541058
0.11917	0.899373
0.21882	0.88663
0.138465	0.932189
0.255195	0.689245
0.33994	0.902612
0.295943	0.837799
0.351921	0.694484
0.412042	0.247523
0.366686	0.499982
0.358639	0.612412
-0.00917781	0.304393
0.336727	0.924383
-0.104634	0.816373
-0.837594	0.752405
-0.636848	0.437475
-0.327146	0.2825
-0.239857	0.149301
-0.334462	0.182709
-0.435912	0.201747
-0.634985	0.412164
-0.783153	0.614098
-0.80902	0.842903
-0.809839	0.611126
-0.706845	0.570284
-0.465393	0.631711
-0.647891	0.654684
-0.630877	0.481696
-0.820042	0.668412
-0.430535	0.424715
-0.290296	0.411027
-0.723256	0.874539
-0.741169	0.944857
-0.777291	1.04717
-0.773427	1.03884
-0.942262	1.10925
-1.11337	1.27231
-1.29282	1.6
-1.55829	2.02119
-1.67681	2.06878
-1.78754	2.2266
-0.877923	0.730676
-0.059197	0.647277
0.753434	0.933054
1.12294	1.2834
1.27432	1.01782
1.26476	0.926944
0.825254	0.439263
0.746519	0.504845
0.249692	0.530873
-0.0284219	0.633073
-0.0383603	0.483068
0.289398	0.368322
0.213686	0.514474
-0.166666	0.64041
-0.0426428	0.453829
-0.32906	0.691372
-0.570193	0.860738
-0.323489	0.723434
-0.675262	0.211006
-0.51435	0.345848
-0.69491	0.51037
-0.655892	0.553472
-0.653416	0.652212
-0.205087	0.204099
-0.132147	0.252249
-0.80082	0.785164
-0.807878	0.782657
-0.841727	0.978408
-1.02422	1.20044
-1.25353	1.49716
-1.27133	1.62543
-1.30237	1.7082
-1.35989	1.84516
-1.49276	2.03417
-1.516	2.11467
-1.49992	2.05492
-1.72306	2.46614
-1.58866	2.14875
-1.69153	2.24304
-1.74737	2.24123
-1.63721	1.97476
-1.66709	2.04141
-1.78851	2.16485
-1.52828	1.56433
-1.27895	1.2287
-1.04994	1.08016
-0.85706	1.00212
-0.91099	0.912841
-0.726443	0.784311
-0.703646	0.752472
-0.613656	0.793766
-0.613771	0.69548
-0.451173	0.651251
-0.385114	0.618466
-0.437045	0.482627
-0.107535	0.550594
-0.28119	0.527102
-0.264126	0.719099
-0.535646	0.913675
-0.625889	0.540443
-0.627348	0.533815
-0.701009	0.495289
-0.698172	0.603494
-0.645995	0.538959
-0.454695	0.345251
-0.378122	0.431401
-0.661327	0.586001
-0.514229	0.526855
-0.473367	0.656262
-0.506752	0.599627
-0.885223	0.870381
-0.62769	0.836622
-0.524528	0.441239
-0.629705	0.746405
-0.700082	0.765788
-0.553908	0.596233
-0.590473	0.611638
-0.479056	0.51142
-0.446552	0.592453
-0.443848	0.638021
-0.428665	0.723411
-0.434951	0.793399
-0.318174	0.666198
-0.270754	0.622238
-0.378214	0.592212
-0.278657	0.788619
-0.398526	0.640537
-0.261427	0.434566
-0.440659	0.834086
-0.363802	1.0543
-0.20886	0.973993
-0.149243	0.770728
-0.485473	1.00907
-0.490453	0.900774
-0.551879	0.770641
-0.735784	1.03298
-0.299367	0.651736
-0.45049	0.887527
-0.287477	0.797646
-0.218937	0.876014
-0.0789928	0.512365
0.0666449	0.620718
0.307192	0.668034
0.212954	0.719792
0.151749	0.67821
-0.00223016	0.663665
0.138059	0.779134
-0.0328012	0.626609
-0.0917467	0.629461
-0.436636	0.672209
-0.613495	0.511987
-0.701138	0.656027
0.466749	0.780818
0.0200142	0.737888
-0.488999	0.613206
-0.585499	0.361853
-0.791345	0.631418
-0.762418	0.75453
-0.677016	0.619548
-0.546962	0.322651
-0.751762	0.48423
-0.754698	0.670561
-0.731012	0.635022
-0.64387	0.431097
-0.573306	0.47041
-0.584709	0.309857
-0.779975	0.431386
-0.690946	0.496212
-0.871271	1.40709
-0.903907	1.54363
-0.802205	1.50192
-1.43259	1.89448
-1.33196	1.90044
-1.24597	1.83402
-1.33244	2.04529
-1.34935	2.09533
-1.3563	2.09243
-1.23476	1.88578
-1.15693	1.67147
-1.19934	1.60934
-1.23639	1.56513
-1.32579	1.5833
-1.51331	1.71391
-1.24208	0.999493
-1.07728	0.604699
-1.21021	0.691053
-1.19678	0.792912
-1.31273	1.12038
-1.39859	1.36947
-1.55166	1.74533
-1.62899	1.95475
-1.62071	1.98328
-1.3697	1.42386
-1.0473	0.91138
-0.759456	0.553604
-0.666565	0.559633
-0.809649	0.887151
-1.01229	1.29051
-1.02342	1.3175
-1.05019	1.37404
-1.04596	1.16349
-1.19004	1.18568
-1.51044	1.62631
-1.66596	1.83592
-1.85514	2.12761
-1.81504	1.94535
-1.83267	1.86936
-1.81514	1.72709
-1.74958	1.57221
-1.63432	1.17982
-1.75421	1.22889
-1.92715	1.24419
-1.85357	1.29227
-1.89616	1.78136
-1.72528	1.9015
-1.4271	1.58549
-1.225	1.44636
-1.05044	1.22779
-0.959939	0.909484
-0.56734	0.187929
-0.77659	-0.21033
-1.33896	0.877141
-1.24989	0.842159
-1.53827	1.50919
-1.11949	1.16829
-0.501755	0.617949
-0.0797647	0.650604
-0.170219	0.437074
-0.519056	0.435442
-1.301	1.08027
-1.27766	1.11907
-1.17084	1.09531
-1.09749	1.08899
-1.11403	1.0821
-1.14405	1.13714
-1.08433	0.88087
-1.19581	1.0982
-1.15351	1.07161
-1.10205	0.969806
-1.31315	1.23951
-1.40557	1.36059
-1.1655	1.22565
-0.861849	1.03235
-0.787711	0.999083
-0.859551	1.03062
-0.92678	1.05197
-0.959856	1.0817
-1.02246	1.19343
-1.15796	1.30451
-1.1312	1.29613
-1.22729	1.47093
-1.52849	1.65558
-1.45017	1.4221
-1.33155	1.22368
-1.23262	0.8464
-1.03254	0.589323
-0.829392	0.62006
-0.61499	0.432876
-0.632787	0.464397
-0.711947	0.420973
-0.569817	0.287244
-0.81512	0.603158
-0.871196	0.63292
-0.831945	0.733974
-0.736176	0.625359
-0.730932	0.489062
-0.558513	0.389443
-0.785784	0.714116
-0.595283	0.615527
-1.06775	1.2526
-0.998144	1.19729
-0.510261	0.579407
0.510878	0.484299
0.831405	0.991549
0.529631	0.817298
0.690262	0.902195
0.37476	0.704135
0.209032	0.375958
-0.0578136	0.724624
0.0347263	0.542482
-0.386604	0.931516
-0.127595	0.761162
-0.783998	0.786834
-1.37134	1.13626
-1.06882	0.781037
-1.01104	0.674129
-0.930139	0.628919
-0.891631	0.696629
-0.930464	0.877866
-1.1946	1.3339
-1.21447	1.35694
-1.26501	1.37401
-1.34655	1.46643
-0.782323	0.751051
-0.108322	0.609465
0.447286	0.440161
0.387498	0.522737
0.120647	0.359687
0.279278	0.494855
0.416928	0.656873
0.453226	0.784548
0.319351	0.609413
0.36794	0.836285
0.252455	0.720021
0.112186	0.887362
-0.183855	0.693231
-0.439233	0.818369
-1.09301	0.964695
-0.850256	0.830648
-0.764048	0.755502
-0.683652	0.660086
-0.78247	0.663562
-1.02475	0.834282
-1.16521	0.799442
-1.40068	1.03563
-1.52691	1.3545
-1.769	1.822
-2.05054	2.40535
-2.24365	2.63343
-2.11941	2.14682
-1.89081	1.7901
-1.85175	2.09219
-0.728655	1.10578
0.550092	0.240876
0.772564	0.244925
1.22941	0.181808
1.11799	0.240514
0.956564	0.17916
0.792371	-0.0719553
0.578782	-0.131294
0.31241	-0.220579
-0.0207548	-0.304809
-0.585953	0.306328
-0.387679	0.212671
-0.790145	0.782764
-0.819628	0.912432
-0.779055	0.891573
-0.699993	0.759584
-0.774409	0.884201
-0.767457	0.790345
-0.827272	0.791354
-0.953768	0.708015
-1.29528	1.28694
-1.31404	1.44958
-1.40525	1.42968
-1.43795	1.59699
-1.22426	0.954095
-1.47764	1.23761
-1.09581	0.527579
-0.795339	0.420332
-0.180699	0.121361
-0.024206	0.566771
0.412627	0.885688
0.352444	1.02311
0.154282	0.705934
-0.444347	0.516692
0.23084	0.673583
0.164574	0.758827
0.23378	0.648807
0.383306	0.688366
0.225293	0.544401
-0.125963	0.377992
-0.285114	0.0773255
-1.31896	0.985182
-1.0832	0.701245
-0.734996	0.0472295
-1.26461	1.41042
-1.21994	1.26304
-1.20121	1.25773
-1.2638	1.40665
-1.59965	1.95431
-1.53987	1.77287
-1.46352	1.65088
-1.25061	1.26525
-1.3425	1.37528
-1.12923	1.00932
-0.81846	0.640031
-0.539539	0.43086
0.0573848	0.138536
0.247713	0.279139
-0.0711161	0.174431
-0.073445	0.170115
-0.510278	0.498852
-0.693434	0.44915
-0.715814	0.665646
-0.79352	0.863863
-0.872181	0.966286
-1.09131	1.05941
-0.71421	0.642928
-0.601678	0.80242
-0.463625	0.492525
-0.479917	0.728771
-0.284321	0.663064
-0.439025	0.539167
-0.689891	0.615679
-0.375219	0.468198
-0.442955	0.732325
-0.482756	0.534976
-0.478447	0.433932
-0.502721	0.625145
-0.290465	0.472728
-0.125344	0.503475
-0.159756	0.615553
-0.0446407	0.447772
-0.099733	0.575476
-0.0823632	0.564184
-0.133706	0.567098
-0.373734	0.510917
-0.27403	0.476559
-0.327018	0.566568
-0.517092	0.498147
-0.669333	0.395682
-0.788397	0.43799
-0.556069	0.497651
-0.483029	0.523505
-0.513659	0.54049
-0.682005	1.02266
-0.657946	1.07468
-0.746382	1.14155
-0.722188	1.11249
-0.423487	0.995589
-0.482271	0.836933
-0.217184	0.690026
-0.341689	0.752094
-0.452927	0.887215
-0.214844	0.622466
-0.120459	0.829128
-0.265827	0.558127
-0.204412	0.597984
-0.227366	0.820117
-0.236795	0.931868
-0.242633	0.770918
-0.0541544	0.67983
-0.109216	0.594397
-0.329175	0.657349
-0.068733	0.49595
-0.230593	0.55633
-0.248128	0.495488
-0.415663	0.289699
-0.439271	0.405245
-0.351325	0.394998
-0.528522	0.16687
-0.550142	0.417604
-0.572448	0.466482
-0.396568	0.604596
-0.340818	0.371693
-0.347682	0.297346
-0.467506	0.541023
-0.511181	0.570023
-0.144965	0.408078
-0.106107	0.430991
0.151558	0.0182002
-0.0117716	-0.772798
-0.147176	-0.886692
-0.114028	-0.930821
-0.426314	-0.597605
-0.491157	-0.65856
-0.350721	-0.831847
-0.156244	-0.654862
-0.17522	-0.63916
0.0299896	-0.501954
-0.879233	0.254028
-1.27298	1.06556
-1.10078	0.927233
-1.23185	1.28712
-1.30476	1.31565
-1.34875	1.21775
-1.48563	1.3259
-1.55656	1.54073
-1.68835	1.81032
-1.55595	1.54724
-1.61758	1.65551
-1.64368	1.69481
-1.78265	1.89064
-1.72082	1.66591
-1.66626	1.54703
-1.66826	1.49233
-1.31585	1.02113
-0.71821	0.590457
-0.339063	0.674603
-1.10658	1.09607
-1.41203	1.36994
-0.891804	0.974577
-0.771386	0.859683
-0.683293	0.731174
-0.780592	0.639385
-0.248963	-0.251036
0.117522	-0.0842852
0.735215	0.284254
1.10309	0.739537
1.05412	0.402145
1.04914	0.654418
1.00993	0.715726
1.30342	1.042
0.845026	0.359661
1.032	0.830001
0.879523	0.539681
1.03908	0.699825
1.02826	0.781974
0.778502	0.466699
0.144605	0.14242
-0.803545	0.437831
-0.85749	0.74636
-0.773158	0.762722
-0.836145	0.874037
-0.892582	0.94625
-0.885823	0.909407
-0.973967	0.964565
-1.0845	1.02451
-1.21278	1.18081
-1.23224	1.14397
-1.33123	1.17842
-1.41663	1.2553
-1.46735	1.33515
-1.22702	0.947134
-1.21562	1.12005
-1.08192	0.788082
-1.03206	0.802456
-1.07344	1.08154
-1.11304	0.962928
0.116598	0.820749
0.0717034	0.750946
-0.47416	0.364401
-0.607726	0.651875
-0.788618	0.805116
-1.05076	0.843083
-0.99604	0.860273
-0.367904	0.554782
0.141658	0.858643
0.437213	0.646512
0.016073	0.492031
-0.0738296	0.513149
-0.0179184	0.608295
0.0257564	0.727268
0.0519812	0.627957
-0.521071	0.797698
-1.84089	2.37087
-1.82701	2.46621
-1.46273	2.14772
-1.26506	1.89056
-1.02213	1.47879
-0.998462	1.33377
-1.01614	1.21113
-1.26579	1.43701
-1.11572	1.27299
-0.855081	1.21004
-0.717377	1.13665
-0.683646	1.01664
-0.777541	1.08549
-0.851445	1.02642
-1.10803	1.1584
-1.31939	1.29822
-0.424279	0.922936
-0.424591	1.04052
-0.299754	0.72926
0.243702	0.643542
0.0123282	0.671468
0.0291329	0.614749
0.0287666	0.420098
-0.469047	0.557365
-1.60214	1.65865
-1.64268	1.97588
-1.43459	1.69612
-1.2834	1.5225
-1.24624	1.63234
-1.38729	1.84016
-1.43014	1.58031
-1.14293	1.08589
-1.38516	1.43686
-1.21069	1.07986
-1.20882	1.4157
-1.24407	1.34349
-1.04987	1.27082
-0.850406	1.13709
-0.824242	0.90503
-0.625165	0.890239
-0.743556	0.939881
-1.16679	1.17944
-1.51421	1.95164
-1.56967	1.94539
-1.40616	1.68632
-1.39254	1.42754
-1.56228	1.66224
-1.62561	1.79695
-1.42046	1.47337
-1.30382	1.21952
-1.25473	1.24466
-1.14849	1.16975
-0.878494	0.923517
-0.71139	0.786857
-0.738384	0.817091
-0.775956	0.775137
-0.752502	0.746696
-0.731534	0.621825
-0.940191	0.752774
-1.03317	0.76899
-1.15652	0.918524
-1.27937	0.963365
-1.40961	1.1315
-1.46221	1.27296
-1.54296	1.23263
-1.57285	1.39441
-1.71987	1.79478
-1.60056	1.3274
-1.67939	1.69944
-1.60694	1.48019
-0.6784	1.02544
-0.768216	1.22637
-0.465651	0.694663
-0.421522	0.883753
-0.595715	0.879866
-0.364282	0.94101
-0.347095	1.02677
-0.555848	0.950959
-0.580239	0.969007
-0.306252	0.827265
-0.368136	0.816805
-0.351385	0.794083
-0.355738	0.762906
-0.558454	0.855332
-0.519152	1.01052
-0.727897	1.13304
-0.736231	1.17339
-0.63485	1.101
-0.586586	0.885584
-0.670851	1.11039
-0.5739	1.16216
-0.486012	1.17961
-0.380625	1.20933
-0.633208	1.31213
-0.612236	1.21376
-0.718783	1.33485
-0.643271	1.1426
-0.804075	0.906875
-0.910379	0.930565
-1.08801	1.21718
-0.860842	0.995685
-0.884251	0.702856
-0.761138	0.448405
-0.806824	0.580642
-0.792231	0.471267
-0.909403	0.629604
-0.973198	0.730454
-0.799155	0.695702
-0.956849	0.790831
-0.824301	0.643307
-0.858709	0.812511
-1.01931	1.16589
-1.00122	0.914119
-1.24638	0.881766
-1.44343	1.05
-1.54192	1.27641
-1.49209	1.23385
-1.3328	0.994547
-1.29067	0.948583
-1.13253	0.876433
-1.99685	2.45596
-2.04358	2.69694
-1.87177	2.32958
-1.93556	2.53289
-1.75422	2.14026
-1.66454	1.91803
-1.71313	1.95414
-1.80743	1.99037
-1.99884	2.38781
-2.03285	2.73703
-1.79093	2.15603
-1.50672	1.48317
-1.58043	1.78401
-1.70129	1.93391
-1.80626	1.98135
-2.02938	2.3474
-1.78996	1.76471
-1.28609	0.909802
-0.715688	0.675853
-0.285041	0.178397
-0.182746	0.089651
-0.0541117	-0.0686959
-0.0276138	-0.181511
-0.0675451	-0.239381
-0.153536	-0.14802
-0.209569	0.0925578
-0.149477	0.162207
-0.390607	0.341506
-0.545812	0.600067
-0.789796	1.01304
-0.885344	1.09981
-0.930171	1.17149
-1.02855	1.3526
-0.887356	1.16556
-0.769674	0.983749
-0.692473	0.85923
-0.570675	0.693162
-0.592144	0.727842
-0.936296	0.936781
-0.716631	0.708972
-0.249937	0.274461
-0.288296	0.287083
-0.378272	0.262767
-0.593476	0.291071
-0.992067	0.535382
-1.35633	0.725579
-1.56913	1.06391
-1.7393	1.50347
-1.63124	1.5437
-1.65103	1.69724
-1.59028	1.46882
-1.73244	1.68438
-1.82912	2.03513
-1.69486	1.80261
-1.50056	1.23337
-1.50043	1.23764
-0.74071	0.357429
-0.156745	-0.218671
-0.0828161	-0.32736
-0.501545	-0.1148
-0.607171	0.104464
-0.886334	0.357871
-0.929612	0.50373
-0.583421	0.375171
-0.487444	0.28773
-0.318158	0.400205
0.31452	0.820683
0.359157	0.48635
0.235309	0.671554
0.109386	0.692159
0.0149076	0.597757
0.155472	0.390644
-0.135561	0.681225
-1.34754	1.35057
-1.66125	1.85342
-1.44367	1.59006
-1.3738	1.48703
-1.38676	1.47568
-1.42795	1.45229
-1.55532	1.52015
-1.54611	1.38875
-1.1498	0.772915
-0.76164	0.760986
-0.753338	0.947425
-0.694549	0.695983
-0.637573	0.664401
-0.414325	0.498602
-0.0971956	0.511388
-0.68821	0.845002
-0.153788	0.51648
-0.154125	0.473163
-0.00916313	0.985999
-0.606699	0.995507
-1.25881	1.10941
-1.50537	1.33599
-1.53999	1.42463
-1.62923	1.61271
-1.64535	1.65991
-1.50702	1.42233
-1.42502	1.32319
-1.48859	1.65486
-1.34292	1.42467
-1.20058	1.26693
-1.10812	1.24322
-1.09636	1.28115
-1.06386	1.10727
-0.949884	0.902821
-0.939421	0.810717
-0.923833	0.716021
-0.984708	0.894272
-0.995428	0.951506
-1.08833	1.13157
-1.26928	1.29567
-1.31417	1.15797
-1.12301	0.863493
-1.42864	1.51905
-1.21508	1.4235
-1.105	1.30224
-1.02867	1.18918
-0.940554	1.06831
-0.902168	0.969965
-0.667393	0.522621
-0.451408	0.178428
-0.320883	-0.166132
-0.178484	-0.306858
-0.284831	-0.365665
-0.26363	-0.243542
-0.202366	-0.196045
-0.378368	0.0355822
-0.938911	0.512482
-1.49041	1.19472
-1.52889	1.29749
-1.45085	1.15172
-1.44633	1.20651
-1.48585	1.34657
-1.55746	1.51099
-1.52667	1.50682
-1.08653	0.889107
-0.472934	0.441547
-0.299332	0.303048
-0.257272	0.301985
-0.215728	0.187626
-0.309644	0.21834
-0.512949	0.294576
-1.01712	0.759578
-1.5178	1.55663
-1.58654	1.59501
-1.53821	1.46877
-1.63685	1.71878
-1.61586	1.63888
-1.70556	1.71259
-1.21135	0.953528
-0.517085	0.868079
-0.816247	0.752128
-0.761496	0.990513
-0.909362	1.1719
-1.25341	1.70017
-1.32075	1.75375
-1.18846	1.49394
-1.30809	1.66269
-1.26786	1.60625
-1.50571	1.97909
-1.67876	2.13976
-1.78274	2.15281
-1.98844	2.34133
-2.0166	2.39298
-2.14426	2.71631
-2.08515	2.58835
-2.07816	2.66744
-2.30236	3.51583
-2.19569	3.28163
-2.16086	3.14435
-1.96544	2.75385
-2.06281	2.96537
-1.71889	2.17142
-1.72369	2.37809
-1.64955	2.23227
-1.19788	1.059
-1.38994	1.24059
-1.0989	0.793468
-0.830069	0.77456
-0.877003	0.721954
-0.893468	0.787938
-0.643586	0.623471
-0.697672	0.614913
-0.718098	0.727647
-0.719647	0.493596
-0.806857	0.608138
0.07308	0.71669
-0.24717	0.674648
-0.616771	0.865576
-0.625052	0.61545
-0.676497	0.714757
-0.626867	0.777601
-0.650376	0.755339
-0.544641	0.740404
-0.46246	0.735711
-0.292522	0.596431
-0.454296	0.55877
-0.462301	0.382469
-0.55046	0.721673
-0.439093	0.489803
-0.305451	0.633004
-0.525903	0.643328
-0.26767	0.561593
-0.485721	0.524206
-0.437531	0.664831
-0.561284	0.577232
-0.307172	0.505993
-0.434383	0.536301
-0.496107	0.343408
-0.41737	0.457656
-0.516314	0.658439
-0.686965	0.709433
-0.660481	0.845928
-0.739222	0.734506
-0.515758	0.509427
-0.4739	0.556144
-0.439764	0.517271
-0.84815	0.781813
-0.94405	0.287286
-1.43388	0.546373
-1.55083	0.654807
-1.58285	0.727161
-1.43875	0.632951
-0.891267	0.135851
-0.38034	0.0653257
-0.247712	-0.305125
-0.0281688	-0.314712
-0.19152	-0.287959
-0.720963	0.167361
-1.13132	0.848493
-1.29164	1.27401
-1.43745	1.55961
-1.28406	1.32691
-0.984276	0.794055
-1.13458	1.04653
-1.42887	1.53727
-1.55585	1.7682
-1.39904	1.52546
-1.24403	1.25076
-1.27656	1.3984
-1.26728	1.43605
-1.33055	1.54188
-1.36626	1.5695
-1.72716	2.17016
-1.85391	2.29061
-1.43046	1.47107
-1.16444	0.943629
-1.24124	0.903239
-1.42438	1.19563
-1.60609	1.46963
-1.61643	1.19653
-1.56871	1.0407
-1.48646	1.02623
-1.36501	0.852596
-0.402806	0.244328
-0.807243	0.794751
-1.42127	1.43196
-1.61063	1.74914
-1.45054	1.37809
-1.44587	1.40331
-1.12879	0.913155
-1.44185	1.4278
-1.3827	1.40015
-1.31797	1.34905
-1.37548	1.52794
-1.34642	1.48959
-1.38807	1.61331
-1.30302	1.46197
-1.47944	1.7349
-1.5845	1.92168
-1.52887	1.78075
-1.47659	1.59793
-1.50143	1.60304
-1.5797	1.77403
-1.39227	1.40794
-1.40536	1.46021
-1.39177	1.45667
-1.22577	1.17325
-1.18057	1.20828
-1.04556	1.05732
-1.06073	1.09989
-0.917754	0.920837
-0.794614	0.816188
-0.918063	0.955709
-0.870734	0.950763
-0.879251	1.04579
-0.924723	1.1899
-0.956735	1.3056
-1.04192	1.4621
-1.10294	1.55808
-1.1311	1.61537
-1.13143	1.63507
-1.09439	1.57752
-1.12532	1.59546
-1.06488	1.30578
-1.12084	1.2054
-1.31656	1.37338
-0.965428	0.925991
-0.753752	0.475389
-1.49538	1.57885
-1.35721	1.44212
-1.34233	1.48832
-1.4331	1.70509
-1.54122	1.85698
-1.51249	1.71284
-1.55586	1.75164
-1.56108	1.62431
-1.70567	1.73038
-1.81276	1.6827
-2.03221	2.09102
-2.05122	2.15591
-1.8209	1.66598
-1.83749	1.75984
-1.74202	1.36711
-1.39402	0.642105
-0.493567	0.199025
-0.531807	0.139748
-0.410711	0.525045
-0.100829	0.440504
0.0399828	0.342818
0.180813	0.552328
-0.0352181	0.705299
-0.056584	0.590164
-0.364102	0.860397
-0.796135	0.546561
-0.877899	0.49983
-0.705744	0.322527
-0.676514	0.290173
-1.21046	1.07805
-1.7096	1.43164
-1.83827	1.83714
-1.83531	1.7359
-1.84716	1.84955
-1.99255	2.25532
-1.91552	1.94543
-1.70687	1.3252
-1.06799	0.3214
-1.2939	0.656047
-0.974783	0.651659
-1.17168	1.17296
-1.19753	1.38675
-1.05451	1.17357
-1.08934	1.18514
-1.10592	1.14946
-1.24924	1.12986
-1.50804	1.4502
-1.51829	1.49119
-1.34786	1.22123
-1.23519	1.02659
-1.04793	0.979701
-0.350356	0.537006
-0.347975	0.845963
-0.420584	0.554555
-0.0394756	0.604974
-0.237269	0.674622
-0.852709	0.722876
-1.11112	0.926082
-1.19142	1.05983
-1.23218	1.16478
-1.31075	1.17281
-0.938271	0.483806
-0.247797	0.264888
0.284136	0.517644
0.331193	0.895877
0.0738882	0.720642
-0.236431	0.97686
-0.726223	1.08107
-0.491014	0.415709
-0.328954	0.230126
0.0345893	0.422731
-0.0634731	0.478922
-0.364895	0.683196
-0.900982	0.354611
-0.919781	0.362367
-0.567958	0.326872
-1.00606	0.484488
-1.78296	1.49305
-2.14868	2.63008
-2.1326	2.51151
-2.04545	2.42314
-2.06551	2.33426
-2.06172	2.34452
-1.8784	1.49173
-1.46712	0.975733
-1.21506	0.693329
-0.954859	0.597274
-1.05532	0.873863
-0.859439	0.480582
-0.783447	0.581449
-0.275711	0.324027
-0.619389	0.481747
-1.18298	1.16984
-1.63605	1.79395
-1.67009	1.91048
-1.78059	2.20784
-1.81964	2.21624
-1.65752	1.75038
-1.70866	1.70899
-1.58969	1.40639
-1.67167	1.55392
-1.60182	1.36099
-1.64906	1.51214
-1.56744	1.47783
-1.65583	1.81491
-1.91645	2.24499
-2.00332	2.37072
-1.88506	1.95023
-1.86078	1.79334
-1.91665	1.86793
-1.84893	1.58338
-1.82925	1.7466
-2.05523	2.30666
-2.0226	2.29791
-1.70844	1.62846
-1.72315	1.7222
-1.76721	1.60943
-1.89122	1.83887
-2.02549	2.17356
-2.0233	2.0389
-1.69415	1.36713
-1.83057	1.54402
-1.53686	0.962094
-1.3708	0.995912
-1.23069	0.885252
-1.20243	0.992884
-0.986635	0.939844
-0.787307	0.867076
-0.907534	0.985785
-0.890441	0.970908
-0.730031	0.89446
-0.753346	0.852859
-0.787836	0.847381
-0.692806	0.753412
-0.727143	0.772557
-0.826731	0.905509
-0.757405	0.826569
-0.742843	0.917247
-0.630165	0.667525
-0.889269	0.555941
-0.790232	0.67708
-0.786403	0.807496
-0.783906	0.904996
-0.691773	0.832169
-0.433167	0.59605
-0.318914	0.553323
-0.465064	0.316217
-0.591581	0.380106
-0.671907	0.447475
-0.773543	0.681956
-0.877126	0.891052
-0.957784	1.06389
-0.919076	1.08885
-0.907403	0.852239
-0.989121	0.732633
-0.920996	0.838224
-1.06109	0.899301
-1.56795	0.965944
-1.60469	0.685638
-1.82457	1.04201
-1.77284	1.04902
-1.87396	1.06524
-1.96927	1.43249
-1.95949	1.5519
-1.88664	1.52075
-1.74301	1.5939
-1.63883	1.44854
-1.59137	1.35592
-1.68318	1.5467
-1.75468	1.68806
-1.77129	1.70059
-1.66055	1.50729
-1.59117	1.18372
-1.49752	0.50856
-1.50537	0.644808
-1.455	0.840668
-1.23862	0.761235
-1.2121	1.05323
-1.05933	0.956771
-0.474446	0.674366
-1.35703	1.37633
-1.66322	0.980263
-1.77599	1.22447
-1.77448	1.32318
-1.6487	1.0959
-1.55176	0.890872
-1.50539	0.757318
-1.59439	0.885148
-1.61633	0.818191
-1.71182	0.908615
-1.64205	0.647713
-1.41861	0.301652
-1.26339	0.165003
-1.38084	0.57253
-1.59514	1.10029
-1.67221	1.30254
-1.77502	1.3459
-1.73753	1.14128
-1.25387	0.872012
-1.14334	0.717675
-1.53868	1.60232
-1.54109	1.76795
-1.2978	1.38655
-1.21764	1.37878
-1.04965	1.17323
-1.03848	1.1855
-1.17717	1.33827
-1.23419	1.20283
-1.43236	1.43724
-1.57386	1.61585
-1.5776	1.52685
-1.46503	1.37137
-1.59699	1.40219
-1.60656	1.33178
-1.68556	1.3961
-1.08446	0.588235
-0.320675	0.0885975
0.00527206	-0.517072
0.00104993	-0.696743
-0.0726869	-0.768389
-0.153444	-0.743861
-0.308954	-0.580569
-0.741899	-0.163871
-1.4372	0.716734
-1.59394	1.24407
-1.63633	1.52547
-1.62742	1.61498
-1.13595	0.769711
-0.965362	0.726389
-1.02191	0.958607
-1.16476	1.23839
-1.36708	1.44759
-1.78781	2.05956
-1.57253	1.66123
-1.10581	0.653881
-0.764266	0.407848
-0.524845	0.419059
-0.482759	0.509842
-0.500453	0.581274
-0.717934	0.695937
-0.374673	0.755222
-0.132514	0.435327
-0.584063	0.62929
0.0312536	0.620123
-0.00938696	0.741793
-0.166609	0.420067
-0.821345	0.32734
-0.840104	0.637956
-1.25096	1.0989
-2.00805	2.17431
-2.03528	2.34023
-1.74699	1.7405
-1.78924	1.99662
-1.78651	2.06686
-1.70872	1.91015
-1.63984	1.78098
-1.19418	0.563891
-1.64301	1.32625
-1.76943	1.65861
-1.71571	1.82339
-1.73793	2.10301
-1.95493	2.52476
-1.84043	2.55241
-1.53644	2.22451
-1.21651	1.67934
-0.880738	1.07445
-1.14124	1.24064
-1.01825	1.02255
-1.22688	1.51861
-1.21827	1.53965
-1.28367	1.79215
-1.29964	1.8071
-1.33823	1.81046
-1.37929	1.8901
-1.44878	2.0123
-1.48121	2.02532
-1.57981	2.10793
-1.65845	2.06798
-1.36507	1.4484
-1.2548	1.38931
-1.44594	1.75648
-1.22109	1.56095
-1.23483	1.45509
-1.2237	1.42036
-0.933787	1.14871
-1.07249	1.15759
-0.881933	1.04708
-0.734065	0.844018
-0.405413	0.561884
-0.033371	0.716968
-0.299843	0.79717
-0.363153	0.707534
-0.446215	0.817564
-0.407352	0.531918
-0.517585	0.750526
-0.522368	0.57658
-0.757964	0.63426
-0.771718	0.858816
-0.984974	1.10381
-0.957489	1.06577
-0.830178	0.789808
-0.771372	0.665725
-0.741986	0.63919
-0.673797	0.608736
-0.555049	0.74701
-0.351534	0.635314
-0.348223	0.762221
-0.590348	0.775478
-0.504664	0.644267
-0.256235	0.497985
-0.136088	0.704603
0.0022044	0.630969
-0.00251236	0.624306
-0.180163	0.623994
-0.484312	0.372938
-0.476506	0.389415
-0.330991	0.387849
-0.5821	0.488173
-0.535665	0.491143
-0.497786	0.487567
-0.378667	0.484184
-0.309406	0.481658
-0.503144	0.591617
-0.539258	0.494524
-0.520846	0.412633
-0.45702	0.547699
-0.78496	0.555983
-1.7555	1.10181
-1.8765	1.10032
-1.83899	1.03464
-1.76747	0.866286
-1.59502	0.527525
-1.51717	0.43381
-1.65648	0.914436
-1.7115	1.40902
-1.75793	1.81396
-1.6377	1.62527
-1.55235	1.48283
-1.55103	1.49036
-1.66887	1.70098
-1.53849	1.39789
-1.63287	1.54452
-1.68709	1.64369
-1.65054	1.50553
-1.58605	1.49166
-1.6895	1.77493
-1.80207	2.11638
-1.78959	2.19509
-1.73618	2.13863
-1.75192	2.22274
-1.66152	2.00611
-1.57796	1.84064
-1.53588	1.66343
-1.11321	1.09752
-0.835879	1.00171
-0.744618	1.05229
-0.716411	1.15944
-0.823933	1.41462
-0.81075	1.36328
-0.844453	1.24149
-1.16539	1.41492
-1.53561	1.65521
-1.33897	1.28526
-1.56997	1.56114
-1.4274	1.52412
-1.156	1.46786
-0.964154	1.30554
-1.10389	1.73954
-0.977755	1.2526
-0.901045	1.1599
-0.849508	1.35554
-0.650654	1.01235
-0.044062	0.561458
0.185735	0.642968
0.69138	0.781201
0.242042	0.16003
0.414184	0.780277
0.425947	0.827158
0.275641	1.06088
0.325501	1.2668
0.551275	1.09818
0.0186398	0.925067
-0.258872	0.509143
-0.285496	0.642757
-0.427499	0.551835
-0.392709	0.489784
-0.522402	0.618749
-0.591816	0.558428
-0.393128	1.00915
-0.195707	0.855064
-0.255298	0.85323
-1.10514	1.27161
-1.07054	1.3554
-1.16747	1.58734
-1.29908	1.6532
-1.40741	1.64351
-1.34106	1.409
-1.34229	1.45656
-1.27285	1.33528
-0.500745	0.394137
0.0718336	0.507889
0.319905	0.872439
0.14199	0.431666
0.183165	0.529714
-0.0414765	0.742417
0.226871	0.558119
0.167819	0.686112
-0.0948208	0.763392
-0.0190715	0.672216
-0.334265	0.43935
-0.691376	0.567527
-0.671421	0.724439
-0.596469	0.665014
-0.513951	0.74015
-0.539916	0.585663
-0.681247	0.56885
-1.55456	1.39775
-1.56723	1.77516
-1.3806	1.61811
-1.33597	1.60683
-1.30601	1.58442
-1.34985	1.67892
-1.32804	1.58308
-1.49131	1.76077
-1.62708	1.90382
-1.59654	1.55708
-1.613	1.34094
-1.27677	0.822587
-1.0478	0.77638
-0.989374	0.68788
-1.12293	1.10305
-1.04673	1.00834
-0.866718	0.871841
-0.530096	0.478368
-0.530349	0.712411
-0.462632	0.954306
-0.499946	1.02949
-0.636059	0.859428
-0.898222	0.832868
-1.09317	0.807168
-1.02211	0.41544
-0.468594	-0.215676
-0.466626	-0.104875
-0.655778	0.0387703
-0.886374	0.621433
-0.714067	0.253052
-0.888199	0.26809
-0.692993	-0.0847578
-0.750189	0.0142665
-0.965873	0.362676
-1.11444	0.548784
-1.17461	0.521518
-1.42326	1.14351
-1.34068	0.930674
-1.38458	1.02542
-1.52809	0.99616
-1.55645	1.10481
-1.70307	1.50827
-1.58554	1.75697
-1.81097	2.27701
-1.56136	1.92745
-1.49196	1.73028
-1.31596	1.3712
-1.53738	1.62172
-1.5737	1.58155
-1.83733	1.95672
-1.71234	1.93504
-1.35605	1.4616
-1.21477	1.45063
-1.15802	1.54215
-1.173	1.56309
-1.2661	1.72075
-1.30206	1.7683
-1.36438	1.86786
-1.35882	1.77638
-1.33093	1.65345
-1.35339	1.62315
-1.54656	1.77131
-1.74053	2.07985
-1.73308	1.92606
-1.54261	1.54865
-1.57523	1.74005
-1.38091	1.58718
-1.32203	1.28356
-1.27577	1.50221
-1.2207	1.37538
-0.955251	0.976708
-0.908439	0.951823
-0.657888	0.845519
-0.682129	1.53726
-0.76221	1.11809
-0.757738	0.685996
-0.981938	0.96462
-0.888105	0.73752
-0.982543	0.840708
-0.836515	0.972983
-0.800644	0.7256
-0.862867	0.837065
-0.773552	0.814256
-0.486726	0.984038
-0.847034	1.25566
-1.40703	1.39652
-1.40156	1.35126
-1.4847	1.55591
-1.3497	1.36218
-1.5669	1.91945
-1.56136	1.80546
-0.767312	0.850225
0.262387	0.764643
0.724727	0.636722
0.933815	0.76251
0.99703	0.730957
0.947336	0.470117
0.642769	0.499998
0.510893	0.45552
0.485279	0.563707
0.48043	0.608726
0.465771	0.803295
0.404703	0.574537
0.468938	0.71164
0.269927	0.48703
0.257507	0.76486
-0.876573	1.03957
-1.78959	1.88778
-1.82362	1.87152
-1.57934	1.3943
-1.59024	1.72791
-1.48914	1.69888
-1.16395	1.43008
-0.463061	1.00172
-0.112039	0.510125
-0.238328	-0.282873
-1.11722	0.491896
-1.08379	0.377248
-0.530666	-0.117438
-0.311027	-0.00432235
-0.200954	0.173615
-0.234931	0.0984113
-0.157192	0.390346
-0.0718987	0.394769
-0.0362604	0.286339
-0.248832	0.392416
-0.613269	0.539963
-0.758571	0.64981
-1.00262	0.989662
-1.21514	1.30549
-1.13772	1.23558
-1.01238	1.06582
-1.07302	1.10227
-1.07335	1.06715
-1.11634	0.86129
-0.939982	0.575634
-0.351113	-0.45985
0.234955	-0.247313
0.461931	-0.173909
1.09799	0.25731
1.23118	0.431323
0.988196	0.0799382
0.515787	-0.0607443
-0.425278	0.110168
-0.978855	0.498954
-1.08205	0.777056
-1.05717	0.757846
-1.16419	0.7612
-1.20477	0.869789
-0.712624	0.4266
-0.0765717	-0.0635343
0.382624	-0.302585
0.393143	-0.229843
0.176004	-0.335556
-0.737501	0.0780116
-1.08816	0.492355
-1.27709	0.88392
-1.33917	0.94906
-1.2389	0.833921
-1.34976	1.18591
-1.28356	1.16917
-1.25103	1.14004
-1.16023	1.02979
-1.08603	0.876963
-1.04404	0.844029
-0.911383	0.647811
-0.915207	0.580495
-1.18593	0.98709
-1.24623	0.942238
-1.47586	1.32062
-1.52877	1.41084
-1.52374	1.4196
-1.46544	1.42179
-1.6237	1.79023
-1.48164	1.81355
-1.36737	1.68394
-1.28323	1.54606
-1.38986	1.64218
-1.42603	1.46344
-1.03722	0.557073
0.236935	-0.316093
0.86515	0.330987
0.625305	0.73265
0.580198	0.778938
0.403814	0.555916
0.422028	1.02
0.229232	0.964359
-0.852963	0.801676
-1.91447	2.15652
-1.76761	1.81968
-1.63924	1.51746
-1.20156	0.875938
-0.560394	0.536127
-0.00603503	0.602145
0.141041	0.969023
0.340697	1.07561
0.145266	0.780285
-0.230649	0.535034
-0.309041	0.501009
-0.294676	0.527042
-0.99006	0.942717
-1.05934	0.939373
-1.26653	1.25051
-1.31532	1.3718
-1.24545	0.654717
-1.58382	1.1924
-1.35766	1.14458
-1.0561	0.747503
-1.1482	0.896821
-1.2968	0.796385
-1.44251	0.871602
-1.53519	0.744757
-1.60942	0.931422
-1.2353	0.36456
-1.05015	0.292213
-0.62365	0.116389
-0.101764	0.362548
-0.124567	0.724218
-0.051473	0.813717
0.0929775	0.839409
0.164399	0.779484
0.326748	0.813212
0.152004	0.889059
-0.19277	0.929425
-0.666704	0.839244
-1.09319	0.820769
-0.919612	0.768503
-0.987913	0.897368
-1.09132	1.06413
-1.15287	1.25298
-1.05837	1.14378
-1.08965	1.2378
-0.961497	1.06043
-0.844374	0.936957
-0.778979	0.892901
-0.768258	0.905332
-0.708523	0.826675
-0.772829	0.81968
-0.825669	0.899144
-0.96237	1.04431
-1.0072	1.12006
-1.09341	1.12941
-1.30582	1.31141
-1.56136	1.63926
-1.57091	1.69059
-1.58065	1.39435
-1.6064	1.3456
-1.52052	0.970901
-1.09414	0.511765
-0.407341	0.148932
0.256842	0.295996
0.0133581	0.599309
0.197608	0.726992
0.38916	0.86202
0.272614	0.863168
0.25224	0.692129
0.366332	0.836183
0.154172	0.98039
-0.388953	0.94917
-0.39585	0.708396
-0.0376544	0.273372
-0.671098	0.284705
-0.392992	0.344047
-0.463396	0.468709
-0.678002	0.681912
-0.761535	0.76437
-0.842226	0.842842
-1.08225	1.1469
-1.3239	1.48291
-1.45186	1.66196
-1.5372	1.77701
-1.62664	1.89227
-1.70151	1.95641
-1.60319	1.59479
-1.42007	1.19331
-1.11726	0.988263
-0.627744	0.376124
0.0797405	0.0727753
0.535494	0.22469
0.719322	0.131857
0.87801	0.245394
0.666125	0.209095
0.279548	0.493243
0.179937	0.42446
0.217868	0.331467
-0.0471307	0.333212
-0.171959	0.453819
-0.205592	0.336656
-0.407912	0.347099
-0.443883	0.344609
-0.00810236	0.44242
-0.397923	0.442388
-0.538583	0.562222
-0.372954	0.499257
-0.288759	0.320053
-0.21533	0.555335
-0.42071	0.808746
-0.729049	0.605888
-1.52512	1.65684
-1.51623	1.826
-1.3433	1.58408
-1.33023	1.5394
-1.26931	1.44955
-1.21475	1.32745
-1.10706	1.10232
-0.783634	0.586745
-0.505833	0.0849137
-0.715585	0.244516
-0.46625	0.232036
-0.636105	0.466241
-0.825359	0.769493
-0.987055	1.07889
-1.13431	1.20303
-1.30741	1.29179
-1.41663	1.25089
-1.45372	1.04908
-1.43065	1.02938
-1.65204	1.82833
-1.29941	1.42122
-1.21263	1.31284
-1.05251	1.17778
-0.871483	1.0227
-0.857418	1.0218
-0.971635	1.67323
-0.968422	1.21896
0.848616	0.611412
1.19939	0.846977
0.8353	0.58265
0.740841	0.384408
0.173675	0.310094
0.267323	0.186073
0.162696	0.388143
0.232986	0.384772
0.440422	0.441646
0.385928	0.372945
0.21217	-0.24139
-0.250131	-0.297145
-0.60042	0.0258161
-1.1963	1.06002
-1.21129	0.971269
-1.1462	0.920712
-1.2223	1.20545
-0.91194	0.858426
-1.12668	1.15496
-1.04356	0.733296
-1.25606	1.24852
-1.09081	1.16842
-0.943219	0.936161
-0.795306	0.764435
-0.719381	0.682352
-0.742385	0.733529
-0.797045	0.818194
-0.788431	0.788845
-0.716909	0.555837
-0.550601	0.373891
-0.541522	0.360137
-0.42068	0.33198
-0.0966458	-0.0331778
-0.439522	0.0869642
-0.563378	0.191407
-0.561398	0.147943
-0.732064	0.232579
-1.05312	0.488346
-0.502493	0.221116
-0.076603	0.580913
0.130776	0.677044
0.164952	0.394161
0.00828469	0.500911
0.0952492	0.443384
0.376928	0.775785
0.737973	0.935484
0.318738	0.735409
0.0502991	0.674905
-0.114369	0.873387
-0.516899	0.555279
-0.306888	0.395686
-0.318072	0.561057
-0.164245	0.587914
0.0163724	1.46599
0.0360561	1.18113
-1.02493	1.01126
-1.2584	1.15759
-1.28927	0.987808
-1.48795	1.25568
-0.792673	0.256606
0.199273	0.0932092
0.338232	0.293592
0.040078	0.583093
-0.210885	0.634413
-0.224163	0.550108
-0.0936085	0.240479
0.0324674	0.787189
-0.615303	0.812718
-1.36921	0.685359
-1.48238	0.952582
-1.59873	1.04118
-1.63994	0.984768
-1.7522	1.0987
-1.75823	1.35447
-1.88	1.54691
-1.80843	1.2483
-1.92571	1.40457
-1.66691	0.894392
-1.6443	1.03653
-0.712107	0.707842
-0.578613	1.05131
-0.899881	1.08394
-1.85748	1.92452
-2.17258	2.50359
-2.26564	2.70731
-1.84727	2.4164
-1.54966	1.99162
-1.56554	1.52958
-1.55731	1.37284
-1.69992	1.66465
-1.74406	1.63801
-1.68907	1.37532
-1.20029	0.643025
-0.675353	0.503971
-0.424543	1.13114
-0.506931	1.23079
-0.760764	0.69928
-0.4144	0.368466
-0.479717	0.371271
-0.615782	0.581471
-0.623735	0.632593
-0.858714	0.922013
-1.14901	1.24995
-1.33641	1.37283
-0.911053	0.787503
-0.909366	0.80938
-0.861763	0.816074
-0.265192	0.198846
-0.166469	0.224174
-1.12456	1.06345
-1.24231	1.42074
-1.42359	1.8694
-1.50514	1.93152
-1.56027	1.97143
-1.74232	2.1959
-1.83178	2.20009
-1.90125	2.11828
-1.94087	2.14715
-2.03424	2.12821
-1.9734	1.9026
-1.84914	1.8175
-1.82915	1.8936
-1.52758	1.24239
-1.28408	0.83014
-0.799013	0.776604
-1.299	1.3636
-1.29505	1.45213
-1.23277	1.44039
-1.28045	1.52598
-1.31531	1.57235
-1.27895	1.37677
-1.36999	1.40639
-1.38895	1.31831
-1.40602	1.44593
-1.37046	1.55313
-1.38115	1.61829
-1.47246	1.61741
-1.37571	1.42443
-1.44783	1.54755
-1.45959	1.43543
-1.24539	0.934816
-0.951292	0.616689
-0.213019	-0.0349998
0.454556	0.37765
0.0250887	0.514749
-0.192763	0.502111
-0.286732	0.655221
-0.205331	0.507594
-0.0648121	0.324203
-0.125974	0.309957
-0.477092	0.689194
-0.607765	0.867707
-0.746349	0.908391
-1.00315	1.22554
-0.682733	0.789869
-0.0685844	0.485644
-0.57228	0.690657
-0.943142	0.789396
-1.48714	1.71742
-1.7943	2.1811
-1.58271	1.99539
-1.52509	2.0006
-1.47541	1.91179
-1.3365	1.78003
-1.30106	1.66204
-1.50727	1.72995
-1.59544	1.8271
-1.8089	2.16881
-1.45118	1.56915
-1.14116	1.3123
-1.17031	1.30124
-0.988553	0.987487
-1.01355	0.921363
-0.901855	0.876186
-0.767513	0.608196
-0.807964	0.743061
-0.108151	0.456833
0.11756	0.722552
-0.298	0.58034
-0.363164	0.617264
-0.481026	0.610405
-0.614758	0.629101
-0.691039	0.823066
-0.510399	0.527217
-0.303975	0.54814
-0.230354	0.364352
-0.220202	0.0821396
-0.672122	0.146706
-1.2978	0.51834
-1.38482	1.0794
-1.35022	1.13587
-1.24609	0.906577
-1.35223	1.22717
-1.33167	1.35417
-1.43764	1.64475
-1.50659	1.70961
-1.69434	2.08841
-1.71387	2.2116
-1.7695	2.40444
-1.875	2.51531
-1.63725	2.34955
-1.46346	2.26164
-1.55095	1.90984
-1.43035	1.79439
-1.43424	1.84718
-1.35552	1.73047
-1.42166	1.8056
-1.47182	1.89441
-1.51946	1.91507
-1.67342	2.09577
-1.70072	2.03538
-1.47545	1.55915
-1.48945	1.58528
-1.51717	1.56393
-1.54106	1.52216
-1.72421	1.85641
-1.43725	1.17325
-0.89692	0.629059
-0.0631828	0.196173
-0.400079	0.414584
-1.86896	1.93186
-1.71715	2.02707
-1.48261	1.65909
-1.55061	1.7067
-1.52957	1.484
-1.23442	1.00615
-0.750035	0.763555
-0.195261	0.47404
-0.399431	0.570896
-0.128074	0.608814
-0.167259	0.656889
-0.148228	0.747193
-0.0102388	0.870594
0.164768	0.870011
-0.0774696	0.755508
-0.403597	0.782975
-0.806187	0.155789
-0.667879	-0.0358511
-0.531956	-0.0100972
-0.469245	-0.0344659
-0.696938	0.19556
-0.921339	0.534952
-1.33606	1.1254
-1.63413	1.50765
-1.79353	1.63928
-1.60697	1.12207
-1.27224	0.354762
-1.04544	0.260984
-1.27998	1.12714
-0.84383	0.540906
0.620847	0.532427
0.810215	0.789226
-0.199974	0.346176
0.257591	0.0838657
-0.431566	-0.123541
-0.471126	0.185924
-0.384897	0.144921
-0.514785	0.245374
-0.748289	0.568383
-1.30255	0.93861
-1.27932	0.817574
-1.28221	1.09442
-1.27363	1.21369
-1.06885	0.802179
-0.861901	0.818195
-0.983964	0.997863
-1.06811	1.02113
-1.4723	1.6394
-1.63053	1.68125
-1.74061	1.64016
-1.94668	2.46069
-1.86666	2.25263
-1.67247	1.64324
-1.72969	1.71768
-1.70232	1.69561
-1.7619	1.72475
-1.58851	1.6381
-1.58036	1.72527
-1.61657	1.96519
-1.60754	1.95672
-1.72068	2.10764
-1.8634	2.12311
-1.8786	1.99667
-1.65051	1.66108
-1.38099	1.45366
-1.42519	1.35109
-0.157847	0.754291
-0.407303	0.94964
-0.576481	0.560159
-1.04475	0.441405
-0.830397	0.374316
-1.13632	0.922278
-1.29865	1.42884
-1.30055	1.46742
-1.2704	1.50613
-1.31506	1.60839
-1.44498	1.79022
-1.51576	1.8451
-1.54993	1.91481
-1.65287	1.9997
-1.71296	1.94757
-1.7665	1.87256
-1.88123	2.02838
-1.52764	1.35806
-1.2362	0.850369
-0.863472	0.590324
-1.17094	0.841118
-1.56643	1.23117
-1.70139	1.28955
-1.94952	1.91748
-1.90235	1.88562
-1.89976	1.80768
-1.74574	1.56068
-1.38517	1.12083
-0.797149	0.901197
-0.935206	1.06185
-0.929983	1.13116
-1.66437	2.12988
-1.34415	1.42504
-1.64574	1.97645
-1.85859	2.26977
-1.76298	1.86792
-1.70905	1.73048
-1.61381	1.52812
-1.47813	1.23243
-1.47601	1.18781
-1.21729	0.76652
-1.07805	0.525535
-1.21797	0.912841
-1.39459	1.12593
-1.3843	1.20616
-1.25377	1.06901
-1.24937	1.05463
-1.32197	1.1991
-1.17109	1.1158
-1.17994	1.05304
-1.12609	0.799386
-1.11835	0.726508
-1.18804	0.842553
-1.24141	0.933023
-1.16047	0.870992
-1.1439	0.902051
-1.32638	1.2894
-1.50077	1.67573
-1.66388	2.0334
-1.43849	1.74099
-0.660398	0.371777
-1.03158	0.551387
-1.62931	1.63577
-1.64861	1.52578
-1.29643	0.985575
-1.07488	0.852695
-1.07499	1.0168
-0.940195	0.771616
-0.957561	0.686661
-0.834828	0.617561
-0.59528	0.354933
-0.650845	0.531809
-0.667403	0.510991
0.143449	0.694685
-0.103238	0.544265
-0.757184	0.732134
-1.1884	0.995273
-0.845249	0.756087
-0.776101	0.712932
-0.756783	0.700156
-0.786453	0.669148
-0.778198	0.676682
-0.896177	0.819386
-1.00586	0.895604
-0.969001	1.15755
-1.1863	1.29927
-1.2042	0.904688
-1.2819	0.989956
-1.25473	0.924475
-0.79621	0.168381
-0.897986	0.536606
-0.408465	0.224379
-0.315926	0.3649
-0.363486	0.803317
-0.228427	0.766519
-1.60504	1.47224
-1.72408	1.79241
-1.53555	1.63892
-1.66338	1.95147
-1.78457	2.16434
-1.78471	2.06449
-1.76908	1.87949
-1.7678	1.77525
-1.53564	1.47092
-1.52162	1.59192
-1.51027	1.64015
-1.43232	1.56572
-1.38145	1.45214
-1.38832	1.32338
-1.37873	1.15547
-1.37801	1.15041
-1.33367	1.23313
-0.915653	0.811236
-0.24447	0.477489
-0.176221	0.339358
0.0650405	0.450965
0.336583	0.610625
0.508371	0.595391
0.251888	0.453443
-0.437536	0.913735
-0.525916	0.934229
-0.162183	0.665094
-0.284522	0.824993
-0.266128	0.845931
-0.380947	0.618413
-0.635096	0.796655
-0.869795	1.16133
-1.91058	1.83121
-1.81421	1.76198
-1.8048	2.06914
-1.95548	2.43414
-2.06026	2.84613
-1.82038	2.35493
-2.04036	2.91431
-1.91218	2.47296
-1.73212	1.96224
-1.97088	2.2586
-1.92865	2.12553
-1.71392	1.82874
-1.78934	2.10547
-2.17766	2.99819
-2.08832	2.52354
-1.71711	1.66572
-1.65433	1.74137
-1.87715	2.21898
-1.68319	1.71536
-2.00983	2.4985
-1.9831	2.37642
-1.95281	2.23002
-2.04163	2.23293
-2.14628	2.438
-2.09952	2.25871
-2.1347	2.37984
-2.0399	2.43564
-1.85418	1.95083
-1.94809	2.10887
-1.93606	2.21094
-1.79198	1.83624
-1.54379	1.4335
-1.1041	0.867684
-1.02846	0.96981
-1.11042	0.84155
-1.01735	0.893385
-0.120645	0.12548
0.566665	0.134098
0.675546	0.373981
0.709389	0.221484
0.84042	0.43855
0.823267	0.1335
0.457496	0.320256
-0.0841414	0.470334
0.0503232	0.564287
0.209694	0.44566
-0.0716577	0.528666
-0.0167016	0.513911
0.0717166	0.377012
-0.0886373	0.427999
-0.255475	0.693761
-0.163989	0.452166
-0.173299	0.336306
-0.775576	0.596044
-0.933872	0.744279
-0.766103	0.595719
-0.688257	0.599261
-0.628208	0.525926
-0.703641	0.668255
-0.622573	0.687183
-0.71854	0.880311
-0.591183	0.833401
-0.71221	0.798314
-0.687118	0.772538
-0.643086	0.991053
-0.275207	1.05321
-0.444075	1.23401
-0.920302	1.18937
-0.924195	1.08279
-0.607661	0.767745
-0.59191	0.621793
-0.891951	0.5985
-0.548906	0.666955
-0.582635	0.824475
-0.563256	0.482245
-0.72266	0.585267
-1.00376	0.762164
-1.5648	1.59878
-1.44421	1.55496
-1.40492	1.44955
-1.1754	1.23584
-1.23588	1.40375
-1.28873	1.44137
-1.31377	1.37372
-1.39339	1.43481
-1.60059	1.65833
-1.39414	1.11187
-0.987955	0.782326
-1.17031	0.855225
-0.303961	0.501628
-0.64598	0.640435
-0.799731	0.613081
-0.737142	0.653953
-0.795523	0.80808
-0.898808	0.923528
-1.03995	1.1447
-1.06408	1.20026
-0.96102	1.05589
-0.980114	1.06028
-1.04329	1.135
-1.18371	1.3401
-1.43529	1.68663
-1.557	1.63135
-1.5054	1.2729
-1.39641	1.33896
-1.42996	1.59135
-1.25556	1.35185
-1.03727	1.06558
-0.60241	0.862722
-0.42028	0.711036
-0.485195	0.71994
-1.60807	1.71969
-1.34713	1.44818
-1.24475	1.52592
-1.11325	1.49544
-0.924312	1.24013
-0.717906	0.866794
-0.718257	0.738607
-1.12049	1.01757
-1.34752	1.25618
-0.883713	0.877294
-0.756929	0.737681
-0.58602	0.64387
-0.473264	0.597291
-0.469327	0.650571
-0.467822	0.662364
-0.464184	0.566277
-0.46049	0.478262
-0.578796	0.580502
-1.1303	0.934476
-1.17838	0.797065
-1.0403	0.322542
-1.23922	0.446489
-1.39989	0.625132
-1.53827	1.06576
-1.52547	1.17425
-1.41313	1.13519
-1.48166	1.50995
-1.50366	1.57593
-1.46012	1.45586
-1.31919	1.11618
-1.37553	1.06573
-1.27247	0.88251
-1.06266	0.472447
-0.834468	0.0199628
-0.910556	0.0211352
-0.786728	-0.343334
-0.829583	-0.240089
-0.787752	0.0249632
-1.26563	0.939378
-1.44901	1.48586
-1.08833	1.23925
-1.20101	1.32171
-1.09981	1.1047
-1.11636	1.01869
-0.579452	0.23976
-0.373664	0.912236
-0.286185	0.963304
-0.189252	0.13215
0.179537	0.333863
0.44309	0.68742
0.254034	0.674839
0.146248	0.21012
-0.254379	0.515421
-0.372692	0.141123
-0.25174	0.230671
-0.224189	0.55916
-0.190738	0.744792
-0.0786447	0.872047
-0.627057	0.606061
-1.55043	1.38061
-1.36515	0.909321
-1.29444	0.720327
-1.21407	0.640555
-1.29423	0.755612
-1.52649	1.29221
-1.46255	1.18261
-0.499212	0.199573
0.426214	0.52461
0.92873	1.0947
1.04884	0.996139
1.19519	1.06527
1.17248	1.17536
1.23825	1.29744
1.39417	1.46061
1.15374	1.31694
0.841901	0.93252
0.67675	0.730036
0.31277	0.730927
0.0144093	0.623985
0.0653649	0.828933
0.467077	0.429805
-0.0205724	0.505351
-0.103648	0.607669
-0.339475	0.58179
0.0491674	0.69585
0.0397359	0.720314
-0.77289	0.470594
-0.590163	0.549065
-0.505262	0.493552
-0.337795	0.362659
-0.216602	0.263828
-0.255865	0.238472
-0.29802	0.184557
-0.329258	0.0778514
-0.39272	0.0913748
-0.4165	0.134576
-0.726542	0.437747
-1.11108	1.03512
-1.25228	1.4869
-1.25393	1.41318
-1.28201	1.33712
-1.36381	1.42821
-1.13494	1.11021
-0.965408	0.477191
-0.951152	0.552238
-0.850869	0.328061
-0.643906	0.375805
-0.884866	1.42254
-0.995523	1.87175
-0.900675	1.13276
-0.883218	0.962306
-0.444821	0.305537
-0.212312	0.501085
0.386187	0.569872
0.395396	0.560777
0.238176	0.312832
0.561697	0.717303
0.657343	0.761863
0.758455	0.963762
0.503806	0.607591
0.791964	0.736474
0.731269	0.701407
0.599104	0.470024
0.871988	0.751098
0.609852	0.580867
0.497204	0.352466
0.457016	0.406719
0.348083	0.335409
0.362649	0.216775
0.0486515	0.197582
-0.00188049	0.446291
0.0543169	0.247108
-0.0466758	0.497377
0.0920553	0.461631
0.0483125	0.409048
-0.223132	0.608377
0.0341457	0.483208
-0.0960088	0.510931
-0.264521	0.731301
-0.143025	0.47982
-0.395038	0.765715
-0.308112	0.576448
-0.357907	0.671558
-0.29569	0.60403
-0.54146	0.766839
-0.577436	0.873626
-0.563946	1.19457
-0.540559	0.569606
-0.452492	0.488543
-0.613864	0.702982
-0.621606	0.838878
-0.493909	0.788634
-0.439356	0.750432
-0.461737	0.81988
-0.391507	0.61083
-0.427613	0.646052
-0.456954	0.621107
-0.555982	0.558588
-0.462809	0.727207
-0.490173	0.709096
-0.329783	0.581952
-0.110001	0.519995
-0.347808	0.48163
0.0190387	0.416776
-0.140974	0.470244
-0.195723	0.554249
-0.0633354	0.590373
0.0105612	0.657349
0.0993053	0.54729
0.0374844	0.637493
0.137744	0.494308
0.118467	0.734476
0.0936349	0.453934
0.306644	0.734652
0.225925	0.635462
0.0741379	0.705006
0.0315454	0.787743
0.242587	0.681548
0.151173	0.690371
0.00715487	0.433735
0.120117	0.610256
0.269513	0.730647
0.0562828	0.593877
0.0639021	0.788136
0.0559882	0.663039
0.207718	0.784773
0.139784	0.663576
0.397458	0.776088
0.367391	0.936138
0.173815	0.794117
0.983187	0.59605
1.20532	0.99182
0.288723	0.795228
0.135702	0.642916
0.231004	0.851031
0.0321341	0.75838
-0.0422581	0.996395
0.00914827	1.11966
-0.261535	1.02699
-0.415402	0.846501
-0.402481	0.734493
-0.472122	0.78754
-0.593188	0.813652
-0.737644	0.460148
-1.25301	0.99041
-1.68918	1.88965
-1.28484	1.02062
-1.27407	1.37127
-1.08119	1.22211
-0.992504	1.2963
-1.05978	1.44162
-1.10747	1.54643
-1.04985	1.32759
-1.1837	1.31541
-1.35205	1.33834
-1.6036	1.70761
-1.73517	2.18542
-1.49185	1.76731
-1.39136	1.57335
-1.64026	1.8968
-1.81285	1.94656
-1.949	1.68091
-1.68838	0.624627
-1.80251	0.894709
-1.95745	1.26031
-1.78766	0.874864
-2.00992	1.51408
-2.02762	2.11327
-1.92864	2.09863
-1.8814	1.80268
-1.65926	1.33293
-1.6564	1.35977
-1.75949	1.61731
-1.7575	1.81055
-1.59496	1.46852
-1.21031	0.959321
-0.373097	0.75829
-0.372802	0.97375
-0.378496	0.796032
-1.2245	1.19452
-1.37478	1.38467
-1.24672	1.41064
-1.07347	1.38685
-0.933755	1.32223
-0.903531	1.37056
-0.728701	1.10454
-0.524781	0.717333
-0.465932	0.476576
-0.877108	0.543862
-1.41364	1.09879
-1.41119	1.0989
-1.46615	1.13638
-1.46206	1.1652
-1.72095	1.74958
-1.11277	0.660665
-0.407808	-0.38274
-0.133307	-0.688036
0.0133453	-0.760972
0.0940401	-0.777282
0.159292	-0.718485
0.166272	-0.690918
0.146627	-0.6017
0.117909	-0.459496
-0.00160101	-0.273405
-0.0255578	-0.128239
-0.118356	0.0384833
-0.220021	0.263635
-0.229733	0.36908
-0.300315	0.56048
-0.414078	0.758732
-0.487002	0.794047
-0.560643	0.974861
-0.597314	1.02109
-0.567419	0.964174
-0.527597	0.941903
-0.517426	0.880562
-0.408846	0.762699
-0.327383	0.638191
-0.305513	0.616329
-0.258952	0.53478
-0.218704	0.459481
-0.248035	0.50031
-0.250178	0.494589
-0.225211	0.460816
-0.297766	0.527664
-0.309915	0.552256
-0.33053	0.528521
-0.307097	0.445835
-0.323836	0.394011
-0.423744	0.434253
-0.495921	0.522377
-0.471618	0.417305
-0.424027	0.0622373
-1.00303	0.756214
-0.759405	0.528468
-0.640892	0.307765
-0.561286	0.163493
-0.561499	0.114727
-0.641751	0.270196
-0.707877	0.303581
-0.912074	0.62362
-0.901726	0.616452
-0.747952	0.468304
-1.02499	1.02548
-1.22805	1.44091
-1.20913	1.38694
-1.2601	1.62712
-1.26261	1.56894
-1.43035	1.75145
-1.40665	1.73453
-1.58552	2.2422
-1.57187	2.32014
-1.51437	2.16597
-1.55957	2.17615
-1.47495	1.90305
-1.39188	1.7116
-1.50469	1.61703
-1.53578	1.66029
-1.43592	1.70178
-1.14541	1.1965
-1.11604	1.22496
-1.094	1.11532
-0.882445	0.93899
-0.781491	0.713936
-0.519875	0.524827
-0.261658	0.322202
-0.259085	0.30963
-0.312296	0.324071
-0.350738	0.366272
-0.440947	0.47579
-0.509073	0.567443
-0.556148	0.543521
-0.641334	0.548154
-0.670619	0.527044
-0.768173	0.475434
-0.959902	0.766656
-1.01768	0.862472
-0.971769	0.610952
-0.0265642	-0.0656765
-0.18471	0.185837
-0.196314	0.0356
-0.157478	0.00744636
-0.366917	0.279146
-0.32243	0.351884
-0.508541	0.453474
-0.274573	0.413069
-0.496073	0.438444
-0.755097	0.571981
-0.665061	0.681879
-0.729941	0.75868
-0.594151	0.633596
-0.651067	0.673768
-0.708853	0.761238
-0.55843	0.597972
-0.333885	0.37845
0.560715	0.726514
-0.000253692	0.404131
-0.492686	0.470043
-0.390022	0.409092
-0.0805017	0.293504
-0.552522	0.355035
-0.536224	0.415227
-0.624675	0.364584
-0.648391	0.593397
-0.5688	0.464477
-0.401851	0.316238
-0.365789	0.305353
-0.56969	0.739891
-0.560923	0.773093
0.40343	0.682335
0.774022	1.14188
0.442454	0.674814
-0.0730211	0.404373
0.059503	0.676236
0.00128171	0.441917
0.104045	0.456334
0.152153	0.599209
0.178216	0.455005
0.298039	0.576895
0.0503506	0.882051
0.177616	1.02782
0.163064	0.948514
0.0521631	0.81306
-0.153863	0.766693
-1.08701	1.36039
-1.91143	2.69151
-1.70887	2.6138
-1.58237	2.54802
-1.5468	2.54832
-1.46213	2.19903
-1.09651	1.7635
-0.875478	1.27471
-0.830394	1.17486
-0.834771	1.16253
-0.869503	1.27557
-0.883825	1.26369
-0.782769	1.19497
-0.929193	1.33627
-0.991952	1.47132
-1.20127	1.63229
-1.41198	1.75803
-1.62049	1.90632
-1.58446	1.87368
-1.61456	1.87278
-1.54658	1.66886
-1.69879	1.83981
-1.49573	1.31955
-1.69677	1.79213
-1.73186	1.65129
-1.62756	1.42768
-1.70946	1.47932
-1.29283	0.780716
-0.60043	0.57994
0.114404	0.0360198
0.565153	0.571548
0.290227	0.487335
-0.133887	0.431538
0.295616	0.469828
0.347613	0.460187
-0.661964	0.434849
-0.380761	0.23948
-0.198982	0.757023
-0.259703	0.675321
-0.285913	0.553415
-0.194869	0.46244
-0.528531	0.592129
-0.445949	0.534158
-0.453685	0.659886
-0.409996	0.647403
-0.426981	0.641081
-0.412634	0.714336
0.110672	0.447961
-0.248347	0.669809
-0.427664	0.506104
-0.623114	0.575291
-0.696918	0.603442
-0.855967	1.06402
-0.66555	0.841154
-0.864834	0.893055
-0.688951	0.734512
-0.680536	0.938463
-0.654353	0.814952
-0.668947	0.77347
-0.294693	0.407176
-0.855809	0.764685
-0.776515	0.860408
-0.88434	0.931082
-0.623851	0.597925
-0.442762	0.412386
-0.413376	0.282311
-0.461994	0.499409
-0.51866	0.525783
-0.571651	0.495889
-0.597071	0.411133
-0.416403	0.377992
-0.552952	0.478395
-0.539242	0.437155
-0.556759	0.419055
-0.36886	0.361381
-0.566102	0.84683
-0.333645	0.816265
-0.0865522	0.845983
-0.387014	0.726449
-0.456676	0.714255
-0.168007	0.696445
-0.46902	0.801911
-0.267345	0.575812
-0.332916	0.636106
-0.241471	0.767743
-0.390872	0.681929
-0.229621	0.762163
-0.287865	0.614037
-0.425538	0.83859
-0.339703	0.82644
-0.435814	0.772276
-0.524508	0.798901
-0.387364	0.72508
-0.365058	0.706375
-0.281529	0.717763
-0.230187	0.861693
-0.101219	1.05923
-0.0549948	0.924585
-0.20544	0.94721
-0.754525	1.26997
-0.865654	1.43954
-1.07521	1.5542
-0.825881	0.939997
-0.773187	0.56872
-1.00086	1.01762
-0.912583	1.13971
-0.648774	0.521682
-1.08457	0.685744
-1.37675	1.12092
-1.27183	0.944647
-1.02585	0.550008
-0.767422	0.164331
-1.22229	0.680065
-1.55012	1.4358
-1.49071	1.56485
-1.32292	1.36608
-1.23219	1.36511
-1.27961	1.48089
-1.33904	1.57931
-1.31716	1.55276
-1.36363	1.5476
-1.41864	1.50327
-0.891653	0.408075
-0.144557	-0.268091
-0.271846	-0.348027
0.171188	-0.558204
0.403532	-0.393837
0.346599	-0.685744
0.301995	-0.582908
0.380915	-0.290253
-0.368223	-0.320641
-0.924164	0.509596
-1.47353	1.57625
-1.38327	1.62653
-1.22235	1.33349
-1.58351	2.02081
-1.88159	2.54769
-1.93391	2.3424
-1.30295	1.20273
-1.01022	1.05386
-0.967578	0.980028
-0.948177	0.853488
-0.948399	0.83937
-1.02143	0.801583
-0.839921	0.815826
-1.08206	0.903154
-1.64734	1.48351
-2.03403	1.57423
-1.92743	1.31416
-1.95824	1.60934
-2.0928	2.41115
-2.21392	2.88598
-1.98474	2.46771
-1.74114	2.02735
-1.87761	2.51793
-1.67313	2.10659
-1.11683	1.62001
-1.08435	1.38928
-0.993143	0.897248
-0.609969	0.397553
-0.0816521	-0.0820416
0.101187	0.183065
0.316326	-0.0154906
0.138842	-0.0579334
-0.696246	0.328209
-1.64126	1.65909
-1.57535	1.70977
-1.37257	1.52301
-1.2314	1.49938
-1.16837	1.53042
-1.14371	1.53571
-1.1954	1.63384
-1.20536	1.60695
-1.16841	1.44865
-1.2796	1.48371
-1.49283	1.71816
-1.64864	1.78012
-1.78923	1.95177
-1.77571	1.8317
-1.80364	1.96651
-1.65465	1.69589
-1.48521	1.44123
-1.47456	1.54937
-1.44645	1.52881
-1.47965	1.58895
-1.57779	1.74111
-1.58052	1.74103
-1.4875	1.5996
-1.80856	1.83315
-1.74136	1.68926
-1.92813	2.01557
-1.94525	1.98834
-1.36744	0.598069
-0.651108	-0.232007
-0.433881	-0.373939
-0.302296	-0.155487
-0.414549	0.0426441
-0.0939791	0.255078
-0.183963	0.203008
-0.39721	0.237521
-0.79429	0.565215
-0.989498	0.736305
-0.690485	0.452105
-0.805488	0.422346
-1.00866	0.443958
-0.964317	0.535465
-0.640344	0.356122
-0.711893	0.560727
-0.788689	0.759547
-0.949449	1.00072
-1.1062	1.24011
-1.31645	1.59571
-1.36928	1.60877
-1.46374	1.55902
-1.49758	1.51223
-1.45351	1.44694
-1.15743	0.573024
-0.848497	0.693747
-0.269416	0.246502
-0.0684009	0.124225
-0.0409984	0.292545
-0.168087	0.141449
-0.219107	-0.083318
0.0157482	0.0457387
-0.471611	0.565608
-1.23726	0.994097
-1.65008	1.73657
-1.68393	1.89641
-1.5238	1.59519
-1.55506	1.6393
-1.63797	1.78092
-1.28733	1.22577
-0.806356	0.858061
-0.538722	0.641099
-0.573876	0.708746
-0.526145	0.735627
-0.580245	0.804082
-0.5835	0.858872
-0.660305	0.974861
-0.817287	1.17801
-0.942365	1.31242
-1.02902	1.40263
-1.16366	1.52215
-1.24074	1.49401
-1.34791	1.48586
-1.53487	1.63718
-1.51543	1.75018
-1.30413	1.49354
-1.19627	1.32419
-1.24142	1.34473
-1.24651	1.3048
-1.24617	1.27399
-1.3428	1.40771
-1.47952	1.52931
-1.44086	1.43422
-1.24445	1.32857
-1.15206	1.13603
-0.70405	0.334424
-0.316229	0.367307
-0.954886	0.734115
-1.09204	1.216
-1.13788	1.31433
-1.22016	1.41495
-1.22439	1.40986
-1.35898	1.56692
-1.5097	1.70177
-1.54496	1.54819
-0.580195	-0.248731
-0.0847789	-0.510756
-0.196058	-0.120451
-0.34001	0.205889
-0.455987	0.538797
-0.418541	0.392294
-0.602954	0.450759
-0.233638	0.419989
0.20399	0.548607
-0.155443	0.618383
-0.959998	1.22827
-1.34895	1.51162
-1.36634	1.705
-1.40147	1.77371
-1.32496	1.5211
-1.43717	1.53924
-1.60778	1.77628
-1.64895	1.85429
-1.1967	1.08619
-0.624236	0.680507
-1.00922	0.834324
-0.532689	0.582433
-0.523833	0.771709
-0.825693	1.15648
-0.487369	1.04742
-0.300253	0.529169
-1.50527	1.64791
-1.51066	1.61641
-0.881338	0.513523
-0.627772	-0.123269
-1.30882	1.30619
-1.35592	1.64313
-1.28394	1.59414
-1.17776	1.4781
-1.01612	1.25181
-0.893652	0.99361
-0.843561	0.892964
-0.754539	0.740956
-0.890186	0.934194
-1.13859	1.2517
-1.33796	1.34626
-1.63272	1.61186
-1.88331	1.86695
-2.03231	2.05991
-2.05113	1.93104
-2.25249	2.37564
-2.14922	2.02539
-2.03093	2.1574
-2.00365	1.64049
-1.99597	1.736
-1.81285	1.44141
-1.69084	1.2759
-1.68556	1.48932
-1.53534	1.29268
-1.40577	0.981055
-1.22714	0.853709
-1.21129	1.06605
-0.84797	0.913682
-0.721603	0.742688
-0.54636	0.564024
-0.819883	0.657751
-0.787566	0.75999
-0.691767	0.690309
-0.654611	0.669837
-0.588693	0.680615
-0.858036	0.641837
-0.5969	0.675614
-0.66187	0.735304
-0.638595	0.624914
-0.724179	0.634062
-0.650999	0.737745
-0.689293	0.568465
-0.739474	0.864926
-0.633891	0.822931
-0.634539	0.779104
-0.719415	0.816035
-0.791872	0.803577
-0.63263	0.578733
