0.734776	-0.956815
0.555618	-0.7833
0.44725	-0.953992
0.580835	-0.929244
0.465135	-0.815344
0.428748	-0.538165
0.359005	-0.724031
0.313142	-0.97058
0.284706	-0.825218
-0.0382779	-0.74005
0.0349285	-0.806155
0.0594488	-0.606221
-0.0580865	-0.809912
-0.0640394	-0.654026
0.048052	-0.787086
0.0190499	-0.553238
0.252848	-0.500766
-0.00890791	-0.908583
-0.00160714	-0.71132
0.0784655	-0.529451
0.0443123	-0.625439
-0.136305	-0.504207
-0.0637473	-0.668705
-0.0701159	-0.719609
-0.192377	-0.629394
-0.102449	-0.637363
0.0339258	-0.579856
0.0289694	-0.801649
0.00127304	-0.768185
-0.1177	-0.692724
-0.124174	-0.728939
0.216475	-0.677754
0.179793	-0.642678
0.255104	-0.784621
0.17433	-0.65402
0.354524	-0.691763
0.555638	-0.707845
0.447466	-0.475827
0.525989	-0.62883
0.646664	-0.873811
0.340925	-0.862117
0.0626269	-1.06095
-0.156082	-0.877249
-0.243947	-0.661126
-0.207849	-0.921457
-0.25115	-0.772045
-0.387243	-0.866397
-0.516968	-0.595156
-0.201754	-0.883809
0.711709	-0.444077
0.907273	-0.595482
0.868335	-0.695858
0.749799	-0.79229
0.825474	-0.795587
0.981997	-0.781117
1.26941	-0.626563
1.04326	-0.646432
0.915956	-0.792694
0.829537	-0.830799
0.39746	-0.469649
0.0379526	-0.373662
0.42659	-0.14685
0.248998	-0.0484807
0.0399915	0.0215004
0.0780844	0.0927819
0.36565	0.0898528
0.466693	0.101186
0.531412	-0.0999345
0.467255	-0.532547
0.0637411	-0.600226
-0.0426584	-0.831139
-0.158549	-0.68413
-0.194066	-0.870283
-0.131529	-0.76713
-0.050924	-0.921391
-0.261335	-0.674614
-0.359201	-0.747949
-0.385075	-0.761959
-0.428453	-0.741321
-0.22282	-0.955242
1.1089	-0.466536
1.06328	-0.554236
0.887592	-0.689709
0.782482	-0.637992
0.810695	-0.681749
0.725401	-0.648866
0.719092	-0.676288
0.939403	-0.707055
1.00276	-0.694254
1.10136	-0.697303
1.34674	-0.679466
1.44011	-0.760321
1.27049	-0.614874
1.2466	-0.488074
1.1237	-0.624813
0.925893	-0.688752
0.973717	-0.683532
1.02352	-0.65506
0.856073	-0.666786
0.677369	-0.877262
0.731542	-0.632318
1.66485	-0.102869
1.65947	-0.373764
1.60202	-0.422751
1.78524	-0.505725
1.86608	-0.549145
1.75724	-0.446028
1.41502	-0.242272
1.0776	-0.472926
0.975698	-0.459424
1.08542	-0.534341
1.41973	-0.526177
1.70453	-0.490349
1.54154	-0.474269
1.52917	-0.356311
1.68678	-0.354127
1.61327	-0.150628
1.3103	0.130207
0.860574	0.0301917
0.0905236	-0.485159
0.387628	-0.449587
1.51251	-0.367813
0.796773	-0.0845863
0.252513	0.0100049
0.844811	-0.288429
1.21592	-0.699537
1.3596	-0.830107
1.07383	-0.470459
1.58302	-0.54758
1.6623	-0.362803
1.66453	-0.503789
1.51605	-0.549086
1.55516	-0.656949
1.55018	-0.878528
1.47153	-0.845423
1.44262	-0.459639
1.31081	-0.0599989
1.56137	0.0449392
1.58532	0.137276
1.62693	0.200099
1.62606	0.264919
1.59917	0.452493
1.61907	0.554716
1.6555	0.511519
1.54221	0.46416
1.48585	0.242819
1.49848	-0.101476
1.32091	-0.3972
1.13321	-0.58739
1.06008	-0.829428
0.954248	-0.842013
0.718288	-0.590966
0.697251	-0.285841
1.37957	-0.09696
1.66383	-0.208562
1.78197	-0.155717
1.67145	0.0131231
1.19584	0.139287
0.664688	-0.165843
0.462891	-0.0328284
0.364682	-0.10344
0.470661	-0.249025
0.664498	-0.338791
1.46575	-0.257879
1.53078	-0.14393
1.46921	-0.239404
1.43777	-0.362962
1.43876	-0.113332
1.45814	-0.0629989
1.0686	-0.333764
1.13861	-0.380403
1.04871	-0.397946
0.960561	-0.569702
0.5467	-0.621186
0.520031	-0.543877
0.159405	-0.828282
0.208644	-0.892552
0.158772	-0.68785
0.50912	-0.16811
0.499941	-0.0751203
0.208451	-0.0437016
0.429513	-0.131988
0.918527	-0.372473
0.37566	-0.112691
0.586687	-0.0861394
0.95602	-0.333434
1.03081	-0.454517
0.909856	-0.441019
0.671619	-0.610032
0.757012	-0.571412
0.285477	-0.473687
0.220284	-0.385947
-0.455786	-0.252402
-0.257503	-0.715497
0.022567	-0.33816
0.919231	-0.138925
1.20486	-0.440802
1.45975	-0.528814
1.41415	-0.593945
1.38108	-0.730104
1.32805	-0.672209
1.20686	-0.582751
1.97744	-0.552715
1.80225	-0.368069
1.74402	-0.337118
1.87868	-0.11527
2.03062	0.0878188
2.12707	0.328628
1.94952	0.429473
2.04702	0.15936
1.98796	0.272043
1.7576	0.0814013
1.66119	0.275883
1.46382	-0.0258836
1.25418	-0.040269
1.17496	-0.416196
0.737974	-0.44522
0.39882	-0.667059
0.477123	-0.474953
0.609355	-0.496359
0.560308	-0.582497
0.54189	-0.574102
0.365459	-0.562326
0.280973	-0.486183
0.538492	-0.658337
0.367079	-0.470514
0.389454	-0.346303
0.402607	-0.493697
0.439009	-0.590005
0.353487	-0.729449
0.438217	-0.646023
0.996189	-0.495534
1.09154	-0.0856703
0.511483	-0.3771
0.454096	-0.668145
0.522548	-0.628531
0.555239	-0.612818
0.676419	-0.685047
0.622348	-0.669835
0.627934	-0.520822
-0.223505	-0.727041
-0.240533	-0.769977
-0.203393	-0.631907
-0.226149	-0.601984
-0.284236	-0.836252
-0.369106	-0.69411
-0.177906	-0.548973
-0.393935	-0.51977
-0.297347	-0.337113
-0.410045	-0.525494
-0.472159	-0.439618
-0.549172	-0.486564
-0.428133	-0.505892
-0.211484	-0.343231
-0.384997	-0.480521
-0.425407	-0.468736
-0.0875745	-0.584758
-0.124524	-0.490579
-0.35094	-0.452368
-0.104753	-0.3738
0.0847923	-0.535667
-0.0778032	-0.507987
0.0157338	-0.613977
0.163818	-0.398779
0.235201	-0.503266
0.215999	-0.55078
0.25691	-0.44964
0.186899	-0.432034
0.488886	-0.296139
0.704662	-0.36097
0.723242	-0.406081
0.635257	-0.40195
0.572273	-0.452258
0.482527	-0.309318
0.417228	-0.530914
0.204655	-0.626004
0.0333775	-0.499351
-0.135087	-0.572299
-0.0327242	-0.713835
0.052503	-0.726751
-0.107093	-0.687672
-0.124021	-0.885215
-0.216084	-0.746074
-0.170939	-0.657181
-0.378411	-0.754612
-0.365608	-0.885344
-0.310113	-0.726749
-0.223122	-0.766934
-0.281635	-0.879691
-0.143923	-0.708914
0.460251	-0.279918
0.916358	-0.311927
0.395457	-0.443193
0.127027	-0.34624
-0.0737023	-0.218955
-0.153637	-0.128726
-0.197496	-0.072285
-0.281682	-0.0104949
-0.222985	-0.00450955
-0.111973	-0.0549269
0.00234796	-0.0175192
0.188484	-0.0245246
0.304124	-0.130379
0.341613	-0.25028
0.508412	-0.294526
0.855177	-0.39275
1.08324	-0.358809
1.39323	-0.300534
1.49753	-0.0537135
1.56395	0.427913
1.44237	0.586166
1.6661	0.536035
1.64383	0.740848
1.63536	0.543704
1.85747	0.353059
1.88082	0.14773
1.72035	-0.209059
1.35714	-0.389561
1.10954	-0.580092
0.856622	-0.526976
0.956652	-0.261724
1.44594	-0.289528
1.14475	-0.299804
1.23807	-0.468911
1.22101	-0.475605
1.11593	-0.456044
1.17488	-0.539627
1.16432	-0.497752
0.88234	-0.298968
0.823843	-0.24946
0.870866	-0.217205
0.833952	-0.2129
0.878117	-0.242495
0.892178	-0.175413
0.812796	0.048053
0.44605	0.434186
0.142875	0.37129
-0.0550975	0.246361
-0.159642	0.114836
-0.203554	0.303248
-0.0390588	0.126593
0.747031	-0.244362
0.850909	-0.151399
0.776828	-0.168328
0.736584	-0.281184
0.77364	-0.380029
0.895602	-0.512773
1.05938	-0.546434
1.38592	-0.138569
1.55098	0.043349
1.59739	0.0561168
1.60422	0.123423
1.6193	0.0530355
1.62608	0.106905
1.65493	-0.0151724
1.36288	0.172218
1.46217	0.139289
1.37926	-0.0353309
1.52799	-0.0896421
1.58094	0.0538272
0.808189	-0.261235
0.319879	-0.779052
0.431518	-0.568044
0.715648	-0.479956
0.616851	-0.366125
0.528605	-0.362289
0.573863	-0.419443
0.601869	-0.44547
0.548711	-0.40832
0.610406	-0.406769
0.613131	-0.383994
0.682175	-0.397611
0.774901	-0.369324
0.728015	-0.361126
0.861974	-0.351346
1.01437	-0.415317
0.987535	-0.357847
1.18698	-0.109505
0.971455	-0.213105
0.945213	-0.210715
0.698884	-0.15999
0.745123	-0.266688
0.619566	-0.0280054
0.626545	-0.0874269
0.501423	-0.218141
0.42798	-0.716439
0.522739	-0.656629
0.402268	-0.749144
0.393197	-0.442709
0.413782	-0.155035
0.658549	-0.587801
0.0990735	-0.587062
0.0756067	-0.790003
0.343234	-0.488744
0.914745	-0.420578
1.05755	-0.471271
1.0452	-0.529817
1.09188	-0.464888
1.17507	-0.529868
1.3994	-0.446529
1.64361	-0.254621
1.80413	-0.207707
1.85399	-0.490365
2.0046	-0.614474
1.81572	-0.500582
1.68928	-0.496038
1.72389	-0.414513
1.71137	-0.368219
1.79817	-0.333384
1.45606	-0.0850174
0.275582	-0.342484
0.717532	-0.0411928
0.479943	-0.323591
0.445613	-0.373564
0.253092	-0.334623
0.182338	-0.300921
0.196935	-0.306404
0.310081	-0.345184
0.472279	-0.484453
0.810748	-0.503096
1.36463	-0.13372
1.45123	-0.148851
1.58684	-0.14358
1.47094	-0.234643
1.25044	-0.398771
1.42346	0.0265244
1.59151	0.033443
1.48759	0.28605
1.52051	0.305426
1.34259	0.508
1.23955	0.524223
1.23652	0.612501
1.27016	-0.414173
1.28102	-0.587986
1.7344	0.0105262
1.669	0.512142
1.47807	0.575964
1.32634	0.182161
1.13343	-0.128718
0.842378	-0.328565
0.592775	-0.3827
0.266391	-0.274092
0.167893	-0.247856
0.483627	-0.377382
0.878479	-0.419836
1.09104	0.00354743
0.754673	0.0201283
0.684353	-0.0992958
0.481549	-0.324592
0.585324	-0.317071
0.529561	-0.412245
0.527404	-0.678212
0.313357	-0.387784
-0.123907	0.034682
-0.454864	-0.327941
-0.313769	-0.596064
0.293492	-0.517951
0.480532	-0.541183
0.85269	-0.202029
0.713666	-0.336017
0.596211	-0.182539
0.665989	-0.158028
0.978847	-0.232525
0.895929	-0.107902
0.648977	-0.171459
1.41565	-0.443536
0.750243	-0.321264
0.79129	-0.491388
0.874892	-0.445125
0.945541	-0.245043
1.20726	-0.176043
1.69057	-0.1453
1.83075	-0.117829
1.44366	-0.218443
1.21755	-0.200484
0.928994	-0.402693
0.722025	-0.27155
0.536345	-0.79107
0.535422	-0.89736
0.53565	-0.909055
1.08538	-0.858048
1.8308	-0.828082
1.44949	-0.810174
1.31674	-0.702381
1.41741	-0.497173
1.30252	-0.200383
1.12102	-0.194
0.686996	-0.10009
1.37049	-0.528037
1.22403	-0.499968
1.12646	-0.540174
1.00595	-0.584657
1.09508	-0.373278
1.02732	-0.326675
1.08362	-0.407553
1.14991	-0.425291
1.16776	-0.393723
1.34605	-0.313471
1.44112	-0.304616
1.5769	-0.33044
1.49838	-0.419004
1.54837	-0.338066
1.38199	-0.224004
1.37506	-0.100358
1.43984	-0.124398
1.4455	-0.0267216
1.37363	-0.0649217
1.29388	0.0019859
1.32016	0.109098
1.26635	0.260072
1.19538	0.199173
0.912962	0.124809
0.177134	-0.305234
-0.152712	0.0107743
-0.971295	0.49272
-0.705255	-0.0478788
-0.40601	0.0801633
-0.406257	0.240624
-0.603528	0.340831
-0.447968	-0.00570066
-0.0830609	-0.267256
-0.157537	-0.287599
0.0242679	-0.106034
0.030612	-0.0104666
0.331808	-0.14625
0.209037	-0.202623
0.227862	0.0217899
-0.153392	0.0608123
-0.601623	0.434865
-0.178837	0.331379
-0.0115458	0.24249
-0.286619	0.0570864
-0.541801	0.114755
-0.78062	0.199819
-0.967835	0.138718
0.0727944	-0.232634
0.617965	-0.456711
0.495521	-0.562166
0.188009	-0.500957
0.471038	-0.108844
0.569242	-0.347584
0.542401	-0.230398
0.566419	-0.391214
0.604287	-0.0653492
0.585028	-0.0362053
0.757139	-1.0053
0.298701	-0.834867
0.161806	-0.755981
0.178737	-0.807025
0.322752	-0.814439
0.340226	-0.936835
0.500238	-0.997517
0.626028	-0.924636
0.738918	-0.843291
0.614496	-0.903039
0.674046	-0.889949
0.784632	-0.503459
0.783849	-0.797271
0.535628	-0.870331
0.610536	-0.570034
0.420782	-0.889918
0.455174	-0.468229
0.763996	-0.46776
1.34844	-0.561577
1.23011	-0.553054
1.30735	-0.767143
1.46115	-0.609751
1.41561	-0.563432
1.2476	-0.692713
1.01694	-0.895327
1.19021	-0.793639
1.19572	-0.709216
1.24035	-0.635448
1.33312	-0.71963
1.2839	-0.800538
1.26267	-0.902321
1.23042	-0.998264
0.921184	-1.00273
0.671736	-0.869056
0.341121	-0.599235
0.327948	-0.524823
0.214159	-0.373872
0.256239	-0.305881
0.419975	-0.406716
0.581279	-0.475583
0.907778	-0.477167
1.36255	-0.425189
1.41421	-0.180546
1.28757	-0.0968989
1.23669	-0.0773289
1.08927	-0.404261
1.12703	-0.265376
1.09017	-0.261323
0.576705	-0.29752
-0.164138	-0.679097
0.638998	-0.674183
0.491901	-0.765212
0.455344	-0.312456
1.16961	-0.298964
1.13662	-0.419782
0.961992	-0.434786
0.706595	-0.256778
0.647783	-0.247616
0.748011	-0.366123
0.879789	-0.368261
1.01749	-0.310881
1.03571	-0.203033
1.15318	-0.0365776
1.32891	-0.0627657
1.27559	-0.256996
1.08742	-0.503861
0.99588	-0.602849
0.959157	-0.570997
0.771351	-0.444028
0.533196	-0.902056
0.92111	-0.914119
1.44891	-0.709562
1.35644	-0.736594
1.28889	-0.771311
1.37641	-0.716683
1.56486	-0.730691
1.55979	-0.714567
1.55823	-0.735659
1.50242	-0.772783
1.72226	-0.758583
1.47226	-0.810091
1.40322	-0.826767
1.4742	-0.778359
1.58337	-0.750649
1.67052	-0.671891
1.62655	-0.545331
1.68726	-0.563173
1.67409	-0.600599
1.72982	-0.754604
1.65553	-0.730306
1.56633	-0.755642
1.5789	-0.825424
1.57014	-0.862977
1.50743	-0.755016
1.51711	-0.797024
1.49688	-0.813294
1.48989	-0.860541
1.31388	-0.914738
1.37965	-1.09456
1.17467	-1.06233
1.13379	-1.06902
1.12711	-1.03231
1.17793	-0.918873
1.26897	-0.832536
1.38396	-0.649432
1.741	-0.52103
1.74105	-0.587653
1.6706	-0.561666
1.58934	-0.553583
1.45119	-0.542515
1.50351	-0.552429
1.49189	-0.557452
1.47931	-0.492719
1.41806	-0.438761
1.49977	-0.361759
0.689479	0.185368
0.306899	-0.0678489
-0.124027	-0.296907
-0.462414	-0.564259
-0.192253	-0.493626
-0.324167	-0.711998
0.309787	-0.560832
0.947359	-0.438731
1.43723	-0.134749
1.36816	-0.393548
1.32843	-0.461878
1.36271	-0.489533
1.43443	-0.498587
0.945126	-0.482898
0.596834	-0.310229
0.65891	-0.193744
0.802616	-0.159685
1.01261	-0.194953
1.25382	-0.188341
0.592073	0.200114
-0.0224024	0.189202
-0.402952	0.0289265
-0.460081	0.133814
0.226508	-0.149243
-0.110989	-0.678069
-0.0982831	-0.0400355
0.411891	-0.510595
0.55209	-1.08836
0.628592	-1.17396
0.0734444	-0.470428
0.699422	-0.582293
0.718186	-0.41738
0.92402	-0.378476
1.14169	-0.107631
0.862494	-0.240673
0.769822	-0.222366
0.716692	-0.202924
0.776491	-0.275509
0.856036	-0.180933
0.966453	-0.367045
1.03337	-0.264889
1.31293	-0.255156
1.3112	-0.159575
1.36013	-0.104987
1.25902	-0.0962492
1.39379	-0.22543
1.20892	-0.297712
0.956171	-0.28568
0.626109	-0.304918
0.524785	-0.115719
0.562132	0.0356562
1.46009	0.116401
1.75115	-0.160012
1.58915	-0.214632
1.49614	-0.159738
1.57553	-0.140922
1.65817	-0.108367
1.65445	-0.0826334
1.55224	-0.152508
1.47662	0.163616
1.42606	0.0392851
1.4791	-0.0485759
1.27515	-0.17074
1.20334	-0.345158
1.17675	-0.283866
1.15079	-0.38999
1.0809	-0.610866
0.711924	-0.559145
0.416739	-0.28084
0.157893	-0.164519
0.424589	-0.421962
0.683658	-0.579656
0.57561	-0.568363
0.651137	-0.708197
0.653983	-0.653939
0.545869	-0.70534
0.454676	-0.730024
0.391671	-0.667978
0.577419	-0.60673
0.603862	-0.496626
0.621853	-0.496835
0.330901	-0.612078
0.546544	-0.525682
0.651217	-0.541442
0.610915	-0.520046
0.638531	-0.700474
0.585729	-0.788866
0.452344	-0.49911
0.566135	-0.669439
0.75184	-0.69702
0.445496	-0.846884
0.492257	-0.718886
0.470364	-0.72314
0.294832	-0.743784
0.462314	-0.851501
0.363987	-0.799946
0.51487	-0.738362
0.421694	-0.726219
0.278327	-0.981799
0.334665	-0.885231
0.519823	-0.782908
0.489854	-0.627111
0.386996	-0.659896
0.33988	-0.660575
0.448152	-0.816123
0.4679	-0.66764
0.410663	-0.502689
0.321322	-0.520104
0.267243	-0.707752
0.340562	-0.805236
0.496292	-0.948094
0.127117	-0.776332
0.140892	-0.876277
0.441615	-0.809337
0.495078	-0.802495
0.505739	-0.932011
0.374044	-0.868941
0.234073	-0.90741
0.32652	-0.965788
0.436084	-1.05647
0.81638	-0.81063
0.799552	-0.773948
0.923418	-0.714618
0.556088	-0.550947
0.602399	-0.357416
0.484954	-0.497779
0.237369	-0.495067
0.530785	-0.695195
0.460919	-0.702791
0.59059	-0.622787
0.991393	-0.723562
1.85872	-0.887064
1.83494	-0.856141
1.0173	-0.9112
1.46187	-0.978725
1.58835	-1.18888
1.80023	-1.20976
1.82325	-1.09534
1.6874	-0.949841
1.47388	-0.662624
1.45257	-0.589433
1.47797	-0.579801
1.38974	-0.514302
1.34469	-0.383859
0.929137	-0.42048
0.7625	-0.415412
1.2398	-0.219788
1.45056	-0.202155
1.38319	-0.230098
1.495	-0.0915968
1.59217	-0.261999
1.39935	-0.0356681
1.289	-0.0131185
1.30628	-0.10654
1.34111	-0.0762564
1.71148	-0.0817195
1.6308	0.230048
1.81131	0.470426
1.66773	0.578321
1.58982	0.621396
1.63595	0.566414
1.74899	0.474929
1.75782	0.221156
1.05231	-0.234583
-0.110258	-0.674626
-0.723228	-0.683216
-1.16766	-0.307915
-1.38893	-0.0227322
-1.329	0.120218
-1.28012	-0.0521699
-1.13928	0.159333
-0.930788	-0.102021
-1.07164	-0.353009
-0.816496	-0.330566
-0.834123	-0.357076
-0.733442	-0.669007
-0.297136	-0.528856
0.426024	-0.0421096
0.878711	0.0722056
0.595688	-0.0999906
0.591174	-0.270325
1.16466	-0.0642875
1.42012	-0.385766
1.50875	-0.428204
1.58879	-0.476162
1.70498	-0.652936
1.75269	-0.603218
1.88318	-0.56122
1.87558	-0.367495
1.81579	-0.250057
0.585425	-0.109408
0.216626	-0.422305
0.205919	-0.606812
0.201758	-0.686246
0.0598408	-0.684168
0.199814	-0.698403
-0.0330202	-0.573998
0.391483	-0.733057
0.632729	-0.640444
0.752094	-0.639158
0.560092	-0.652107
0.633169	-0.484742
0.17818	-0.597523
0.147181	-0.584173
0.256839	-0.550421
0.373434	-0.692795
1.88492	-0.472775
1.86587	-0.576221
1.86769	-0.179564
2.07819	-0.313652
1.90333	0.135931
1.87267	0.294399
2.12871	0.331213
2.24229	0.21201
2.12408	0.0725955
2.08997	-0.169256
1.81886	-0.154523
1.66543	-0.124386
1.73502	-0.0873847
1.85821	0.0266135
1.74206	0.123387
1.63094	0.165939
1.32899	0.515748
1.38262	0.441044
1.01341	0.237476
1.09314	0.0270185
0.765734	0.144822
0.760789	-0.0347972
0.686578	0.0543358
0.24392	-0.663972
0.37874	-0.788053
1.1602	-0.654723
1.47117	-1.00304
1.2277	-0.964144
0.959528	-0.671307
1.16004	-0.529588
1.29572	-0.456883
1.03166	-0.542409
0.97337	-0.71502
1.01805	-0.762465
0.981656	-0.724106
1.03167	-0.739752
0.9997	-0.768895
1.05631	-0.669029
1.07659	-0.665684
1.0516	-0.662487
0.978516	-0.583505
1.00377	-0.601411
1.03639	-0.551711
1.19949	-0.564765
1.14348	-0.524572
1.13947	-0.343265
0.545734	-0.118884
0.399374	-0.0833594
0.875625	-0.301099
1.00883	-0.346871
0.923094	-0.397248
0.840301	-0.517724
0.788707	-0.412849
0.711234	-0.72461
0.717801	-0.641206
0.763501	-0.680287
0.649049	-0.463271
0.609374	-0.34429
0.672057	-0.464545
0.75623	-0.643988
0.646174	-0.597409
0.748345	-0.524376
0.858461	-0.520634
1.00801	-0.425771
0.667146	-0.356446
0.634327	-0.445069
0.653544	-0.442003
0.681741	-0.322922
0.455779	-0.490661
0.595954	-0.386383
0.526803	-0.364603
0.468223	-0.474577
0.587654	-0.471675
0.872029	-0.114962
1.73077	0.705769
1.91546	0.0537224
1.69536	0.160478
1.87466	0.37997
1.83911	0.211959
1.49686	0.0359604
1.47863	-0.0660136
2.00108	-0.395394
1.75697	-0.335353
1.61793	-0.33194
1.67057	-0.459382
1.44088	-0.36677
1.29501	-0.488438
1.35113	-0.619906
1.27797	-0.775408
1.18371	-0.748942
1.05064	-0.672429
0.96244	-0.523123
0.855268	-0.194965
0.911486	0.113195
1.40716	-0.205147
1.85867	-0.256764
1.85501	-0.234456
1.83683	-0.186681
1.86329	-0.220097
1.87345	-0.175456
2.01455	-0.237289
1.86251	-0.102738
1.9801	-0.172934
1.9618	-0.123239
1.79481	-0.036947
1.91893	0.0413579
1.91474	0.0344173
1.86732	-0.0188055
1.03386	-0.191096
1.05782	-0.00287638
1.46227	-0.361835
1.6292	-0.502676
1.85694	-0.497651
1.41508	-0.67197
1.14526	-0.63265
0.995655	-0.464393
0.930827	-0.282152
1.07759	-0.320406
1.04905	-0.258094
1.0812	-0.251118
1.141	-0.164171
1.13047	-0.0925952
1.3414	-0.252452
1.49252	-0.229821
1.82209	-0.196762
1.8052	-0.275498
1.91289	-0.218066
1.54828	0.0541971
0.650964	0.124811
0.0532341	0.0559711
-0.0907689	-0.386376
0.133451	-0.459799
0.328129	-0.55014
0.44457	-0.505255
0.485446	-0.476518
-0.162111	-0.601723
-0.0588453	-0.74111
-0.0867484	-0.808334
0.193581	-0.800537
0.0220392	-0.38402
-0.142457	-0.821901
0.774745	-0.517087
0.627647	0.0198973
0.635919	-0.0915211
0.545049	-0.0995248
0.703657	-0.0424123
0.637314	-0.222844
0.888859	-0.395382
1.07077	-0.419037
0.822987	-0.106471
1.5098	0.116394
1.67062	0.0841833
1.20638	-0.147534
1.3331	-0.262849
1.54814	0.040505
2.2591	0.276893
2.19228	0.0593681
1.9442	-0.134796
1.77541	-0.503548
1.72233	-0.463118
1.72759	-0.39715
1.54585	-0.278129
1.79332	-0.329273
1.73498	-0.296599
1.73461	-0.256646
1.56438	-0.174983
1.80333	-0.128922
1.87574	-0.00827793
1.92069	-0.0445419
1.98616	-0.0045845
1.95789	0.142553
1.85725	0.110812
1.76732	0.0222213
1.79276	-0.0238403
1.71531	-0.095869
1.61562	-0.213324
1.59048	-0.163672
1.56066	-0.18558
1.58257	-0.343858
1.59187	-0.392896
1.33952	-0.391981
1.31113	-0.588986
1.27795	-0.605932
1.25028	-0.610347
1.21371	-0.638942
1.35554	-0.618518
1.2995	-0.603743
1.26098	-0.37806
1.63971	-0.348805
1.86667	-0.236596
2.01336	-0.239727
2.2009	-0.0921234
2.10807	-0.0124954
2.18453	0.000174026
2.30991	0.0777148
2.44632	0.298766
2.20397	0.598713
2.12737	0.613154
2.10368	0.622826
2.13821	0.611113
2.20284	0.777389
2.06746	0.717825
1.99668	0.735308
1.99462	0.765215
1.96101	0.734629
1.95263	0.80801
1.84368	0.668197
1.62	0.516104
1.58181	0.625973
1.55603	0.282748
1.49108	-0.0764284
1.51314	-0.72244
1.54093	-0.384497
1.10129	-0.00351521
0.990911	-0.213417
0.967737	-0.305196
0.85691	-0.226376
0.583425	-0.525051
0.778112	-0.491683
0.693251	-0.523602
0.685886	-0.402729
0.918956	-0.397943
0.771102	-0.514617
0.631323	-0.410283
0.814835	-0.362457
0.53751	-0.727812
0.10226	-1.04643
0.199627	-0.884484
0.246641	-0.831544
0.362334	-0.585247
0.143012	-0.505181
0.252525	-0.45098
0.395557	-0.627497
0.391033	-0.492657
0.411881	-0.453475
0.572755	-0.452396
0.36866	-0.528335
0.201655	-0.587422
0.51538	-0.498077
0.432622	-0.647451
0.610622	-0.528503
0.33194	-0.415901
0.480544	-0.491347
0.54617	-0.697636
0.187626	-0.518394
0.378242	-0.737025
0.545538	-0.686908
0.571096	-0.590595
0.425903	-0.834231
-0.128143	-0.96919
-0.0821023	-0.84949
-0.0874966	-0.68488
-0.284555	-0.598479
-0.0965634	-0.643305
0.0739624	-0.899164
0.0928015	-0.870909
0.0923192	-0.657999
-0.0812218	-0.587462
0.0146606	-0.731737
-0.129446	-0.771494
0.0330828	-0.85756
-0.0341766	-0.76397
0.182823	-0.804863
0.060512	-0.671489
0.171564	-0.665543
0.159193	-0.663789
0.181817	-0.612719
0.172227	-0.445725
0.20588	-0.336468
0.354448	-0.549655
0.511854	-0.491161
0.451024	-0.437388
0.390101	-0.449933
0.534633	-0.655429
0.622042	-0.492849
0.53194	-0.551309
0.51443	-0.474921
0.546021	-0.569866
0.628456	-0.473932
0.830789	-0.418855
0.92581	-0.264935
1.10461	-0.0153428
0.962323	-0.303616
0.890967	-0.034977
0.930895	0.0856629
0.806358	-0.466702
0.109598	-0.541577
-0.165116	-0.104829
-0.407944	-0.21631
-0.277774	-0.0602634
-0.0755517	-0.0707897
0.25263	-0.216419
-0.0101539	-0.399702
-0.112687	-0.634995
0.0398995	-0.593602
-0.205249	-0.668389
-0.156125	-0.798442
1.01762	-0.182572
0.893696	-0.14102
0.95962	-0.256855
0.930035	-0.290166
0.789579	-0.347762
0.817725	-0.425357
1.00991	-0.514684
1.07173	-0.563415
1.21763	-0.644841
1.2515	-0.575871
1.51017	-0.459678
1.76474	-0.29601
1.84728	-0.234956
1.80091	-0.463087
1.91765	-0.551298
1.90561	-0.523332
1.93396	-0.517781
1.97783	-0.47136
1.83948	-0.313008
1.82913	-0.245513
1.56375	0.0130227
1.24595	0.127614
1.03729	0.138295
0.57826	0.161683
0.364313	0.026591
0.899321	-0.214681
-0.174001	-0.167971
-0.339867	-0.557932
-0.294639	-0.52688
-0.306095	-0.162459
0.157813	0.00249683
0.242203	-0.124687
0.30453	-0.138302
0.384913	-0.190291
0.437495	-0.270668
0.434032	-0.276189
0.474854	-0.33841
0.547117	-0.396096
0.700929	-0.468705
0.909066	-0.589193
1.26887	-0.66273
1.3178	-0.468127
1.18441	-0.372787
1.15695	-0.290998
1.06121	-0.318892
1.39057	-0.568334
1.56602	-0.352292
1.41628	-0.118449
1.34868	0.0235107
1.36969	0.105149
1.37438	0.198907
1.44036	0.183001
1.43624	0.224115
1.36882	0.193188
1.19823	0.0861949
1.02143	-0.0762367
0.891939	-0.293567
0.802874	-0.341498
0.386542	0.00939434
0.787439	0.204908
0.969307	0.218557
0.44508	0.486912
-0.398381	0.528604
-1.23111	0.711057
-1.45567	0.587422
-1.22582	0.0639549
-1.26017	0.0986576
-0.771042	0.0500382
0.366035	-0.219297
0.416399	-0.364558
0.726185	-0.222736
1.02122	-0.0419767
1.28241	0.293966
1.39746	0.555114
1.69765	0.559207
1.73159	0.769278
1.71981	0.707168
1.68888	0.543554
1.3426	0.520713
1.20077	0.262403
1.09962	-0.00398332
1.06584	-0.154577
1.19571	-0.405163
1.40324	-0.539096
1.26953	-0.671574
1.26753	-0.78512
0.984597	-0.660806
0.990643	-0.739277
1.03824	-0.796193
1.15537	-0.767715
1.35503	-0.573996
1.11002	-0.627328
1.09769	-0.786869
0.820513	-0.714125
0.633922	-0.588878
0.602918	-0.505443
0.668812	-0.504124
0.614853	-0.418187
0.659676	-0.402561
0.631066	-0.330436
0.734488	-0.366941
0.743787	-0.405478
0.917544	-0.466328
1.04186	-0.350169
1.29174	-0.0898237
1.21611	-0.00574116
1.09773	-0.12841
0.978643	-0.162254
0.98192	-0.154747
0.768075	-0.34375
0.858581	-0.249689
1.10082	-0.529508
0.773133	-0.351473
0.742976	-0.326003
0.799301	-0.493499
0.782286	-0.585527
0.797554	-0.359173
0.712869	-0.457747
0.730643	-0.556615
0.867788	-0.319709
1.27557	0.135475
1.6296	0.0700625
1.56923	0.271347
1.6575	0.0502462
1.35187	-0.176857
1.26717	-0.13458
1.55336	-0.548128
1.58536	-0.663876
1.72667	-0.855603
2.00229	-1.00752
1.97587	-0.774088
1.52883	-0.532953
1.08682	-0.364888
0.640164	-0.480276
0.298566	-0.875651
-0.158665	-0.787656
-0.358215	-1.00216
0.0385807	-1.00046
-0.299465	-1.28064
-0.338589	-1.31296
-0.356057	-1.06683
0.348199	-0.829114
0.935131	-0.458644
0.401652	-0.346656
0.281337	-0.421286
0.298727	-0.460812
0.450619	-0.535003
0.761353	-0.578428
0.274701	-0.254089
0.824332	-0.600561
0.966917	-0.817966
1.31522	-0.599799
1.38861	-0.68763
1.65766	-0.353039
1.87039	-0.758088
1.71849	-0.69916
1.36107	-0.47802
1.76128	-0.646538
1.69502	-0.429172
1.75863	-0.25953
1.85588	-0.315546
1.65333	-0.354291
1.69054	-0.271169
1.66114	-0.236351
1.7377	-0.235842
1.71409	-0.0650278
1.76021	-0.00280206
1.87829	0.166278
1.81774	0.130028
1.51663	0.293797
1.14541	-0.0167187
0.75931	-0.185182
0.690221	-0.337384
0.761155	-0.170096
0.806002	-0.351721
0.720272	-0.325247
0.561868	-0.203525
0.641172	-0.109878
0.740419	-0.161314
0.653072	-0.393485
0.827418	-0.225026
0.728308	-0.26159
0.729946	-0.128903
0.418712	-0.325583
0.576455	-0.195278
0.479031	-0.245343
0.315377	-0.394097
0.391185	-0.721971
0.349617	-0.595388
0.387294	-0.283
0.371639	-0.339257
0.285589	-0.428582
0.180047	-0.51169
0.319832	-0.560526
0.327765	-0.399152
0.629189	-0.374275
0.330396	-0.323249
0.866839	-0.229879
1.61359	-0.0658872
1.75903	-0.186708
1.95698	0.0152817
1.92294	0.344853
1.84819	0.460506
1.35595	0.232059
1.20429	-0.133854
1.6433	-0.64515
1.38874	-0.718419
1.16036	-0.759321
1.17153	-0.759763
1.03446	-0.57961
1.00256	-0.396915
1.15561	-0.1472
1.45823	0.0536483
1.37028	-0.209378
0.881977	-0.59891
0.750793	-0.694593
0.901527	-0.636015
0.827118	-0.758146
0.21571	-0.649571
0.0955913	-0.63346
-0.120076	-0.644194
0.0313192	-0.434004
0.0873197	-0.587252
-0.0297887	-0.928142
0.0313418	-0.690495
0.134881	-0.509214
0.338164	-0.429447
0.268	-0.333281
0.277749	-0.343481
0.430863	-0.511406
-0.105455	-0.772349
0.150103	-0.863797
0.879557	-0.538595
0.906571	-0.514977
1.13204	-0.681534
1.20108	-0.657072
1.30128	-0.663229
1.13472	-0.638255
0.864268	-0.62181
0.831412	-0.647717
0.822979	-0.700489
0.824433	-0.782351
0.891441	-0.850263
1.01982	-0.868543
1.13484	-0.743688
1.26307	-0.584414
1.24838	-0.345431
1.1679	-0.148484
1.29977	-0.0547844
1.31776	-0.119234
1.41447	-0.314591
1.57429	-0.580593
1.84343	-0.956994
1.82199	-0.911711
1.50227	-0.703012
1.68172	-0.981911
1.70007	-1.03895
1.54191	-0.89865
1.56404	-0.874635
1.60473	-0.87166
1.77461	-0.954934
1.64048	-0.879377
1.85193	-1.00048
1.29762	-0.733291
0.773689	-0.929748
0.972634	-1.19396
1.12784	-0.921617
0.83551	-0.804448
0.67976	-0.84238
1.14981	-0.567409
1.45742	-0.91765
1.37807	-0.758405
1.31168	-0.661329
1.25351	-0.630542
1.27191	-0.625634
1.1	-0.560493
1.0163	-0.560835
1.32265	-0.597607
1.50274	-0.431692
1.37365	-0.239748
1.62369	-0.348551
1.69804	-0.504823
1.61484	-0.492392
1.7242	-0.375237
1.82483	-0.0912297
1.77352	0.0327291
1.75799	0.130058
1.7223	0.177782
1.72671	0.209352
1.8227	0.240499
1.72447	0.31917
1.69298	0.446447
1.69563	0.448057
1.81388	0.352422
1.85018	0.0175283
1.4507	-0.0888292
0.965315	-0.0967847
0.784151	-0.0155112
1.03484	-0.0658732
0.899367	-0.306429
0.175081	-0.474765
0.0292796	-0.635211
0.936604	-0.704167
1.22436	-0.506262
1.6949	-0.41491
1.50123	-0.610288
1.54153	-0.860809
1.56599	-0.994469
1.45314	-1.06202
1.38972	-1.0954
1.34443	-1.04452
1.29441	-1.02709
1.18351	-0.90544
1.1414	-0.836293
1.13389	-0.745874
1.13691	-0.578634
1.13932	-0.574535
1.06765	-0.566829
1.0865	-0.634449
1.09027	-0.662048
1.15829	-0.661229
1.19003	-0.647066
1.22463	-0.711939
1.21404	-0.645591
1.08082	-0.589108
1.13627	-0.538758
1.13084	-0.461099
0.990066	-0.526884
1.02075	-0.542784
1.06174	-0.582158
1.16303	-0.620964
1.09977	-0.649904
1.16942	-0.699684
1.13229	-0.718946
1.13344	-0.714143
1.3301	-0.7472
1.35789	-0.707281
1.39436	-0.641673
1.61507	-0.682589
1.61944	-0.597841
1.50681	-0.562348
1.46208	-0.573031
1.49431	-0.652769
1.43719	-0.670595
1.23599	-0.674365
1.00882	-0.609826
0.96445	-0.591841
0.947628	-0.607183
0.985276	-0.988737
1.00494	-0.768961
1.15212	-0.881477
1.53282	-0.830982
1.60068	-0.585718
1.87144	-0.495362
1.87611	-0.0880229
1.94767	0.142558
2.05967	0.361087
1.97082	0.573689
2.10304	0.534892
2.05592	0.340825
1.79782	-0.609442
1.79794	0.127278
1.68169	0.369645
1.53126	0.363297
1.60173	0.118609
1.37847	0.033439
1.03898	-0.304487
0.51945	-0.206057
0.111333	-0.392045
0.303589	-0.492592
0.4225	-0.566597
0.463916	-0.666697
0.659584	-0.527376
0.639071	-0.362507
0.709445	-0.518731
0.635633	-0.616697
0.434309	-0.713468
0.594306	-0.789954
0.490979	-0.689427
0.507618	-0.539201
0.587911	-0.608036
0.54604	-0.638422
0.443552	-0.44897
0.38288	-0.613048
0.41034	-0.651862
0.309397	-0.427946
0.403226	-0.31987
0.859795	-0.501077
0.518285	-0.495583
0.499787	-0.430489
0.509155	-0.682201
0.602273	-0.591886
0.702538	-0.395006
0.530954	-0.667479
0.626812	-0.7317
0.649303	-0.723251
1.10031	-0.353669
1.79673	-0.344169
1.6407	-0.500094
1.63739	-0.542702
1.69445	-0.600313
1.47432	-0.60902
1.15141	-0.354966
0.978729	-0.371143
1.25849	-0.393871
1.44869	-0.314842
1.51755	-0.116279
1.59944	0.0237284
2.06741	-0.0580921
1.58556	0.107494
1.23477	-0.0157496
1.13692	-0.175816
1.06846	-0.372017
0.313713	-0.2184
0.74094	-0.773897
1.17828	-0.871524
1.58872	-0.469792
1.62166	-0.570782
1.7024	-0.633527
1.53223	-0.606453
1.46614	-0.471118
1.54467	-0.345681
1.70475	-0.648145
1.59638	-0.729374
1.55468	-0.639846
1.53631	-0.538196
1.67646	-0.442729
1.95391	-0.518897
1.82391	-0.24194
1.91119	-0.120542
1.28821	-0.275879
0.763958	-0.540709
0.30555	-0.436788
0.0950127	-0.152572
0.0706089	0.0707061
-0.00596694	0.175562
-0.024631	0.229843
-0.0130201	0.25079
0.0747659	0.081801
0.112424	0.0281103
0.347846	-0.066837
0.647214	-0.137621
1.05107	-0.178991
0.98058	0.0381883
1.01405	-0.013788
0.971611	-0.0135844
0.665332	-0.0347687
0.372898	-0.0891305
0.360223	-0.072615
0.428297	0.0374534
0.098072	0.322813
0.23707	0.337392
1.52476	-0.156965
1.72725	-0.37508
1.57775	-0.455957
1.59237	-0.593043
1.68571	-0.670623
1.78379	-0.759838
1.77452	-0.774667
1.78632	-0.822443
1.98763	-0.927813
1.89179	-0.547675
1.96454	-0.706515
1.64779	-0.601819
1.68853	-0.710742
1.72295	-0.705478
1.65236	-0.761374
1.84153	-0.92205
1.72183	-1.00228
1.59947	-0.925345
1.49949	-0.828408
1.2384	-0.47805
1.05771	-0.386576
0.705983	-0.210346
0.760306	-0.00393317
0.654331	-0.018408
0.576171	0.169966
0.436662	0.120109
0.488171	0.216475
0.593933	0.382164
0.65597	0.351287
0.697322	0.242802
0.777747	0.418221
0.883878	0.150774
0.808957	0.112941
0.874449	0.0395253
0.877037	-0.01693
0.874524	-0.0120466
0.744192	0.0715726
0.690934	-0.0466391
0.454573	-0.338063
0.326078	-0.335242
0.395126	-0.436462
0.816718	-0.43121
0.837483	-0.509993
1.2356	-0.660841
1.69305	-0.330214
1.72989	-0.0906164
1.69117	-0.0611229
1.60756	0.235852
1.74846	0.174399
1.54992	0.059217
1.10798	-0.109666
1.14426	-0.34479
0.885805	-0.634241
0.692106	-0.660349
0.59141	-0.430652
1.69639	-0.506996
1.63902	-0.712536
1.54516	-0.810775
1.57671	-0.777673
1.37759	-0.659978
1.51712	-0.852594
1.75086	-0.917268
1.62646	-0.598038
1.39537	-0.521338
1.38693	-0.484126
1.46787	-0.378986
1.63593	-0.402253
1.47779	-0.300924
1.51121	-0.316282
1.51725	-0.386773
0.94597	-0.172517
0.562355	-0.161044
0.33074	0.00523253
0.331374	-0.0484518
0.331382	-0.0565302
0.493285	-0.118669
0.694304	-0.422213
1.1191	-0.606604
0.734216	-0.360924
0.667086	-0.367166
0.767851	-0.190512
0.915848	0.0527901
1.10167	0.0765766
0.944357	-0.0897916
0.968288	0.0523865
1.23103	-0.201665
1.48346	-0.389071
1.63765	-0.427639
1.92361	-0.476972
1.91661	-0.361023
2.06144	-0.199639
2.0017	-0.0371416
1.99042	-0.0852374
1.60482	0.0358497
1.30055	0.0295119
1.51807	-0.0102123
1.35576	-0.041925
1.15237	-0.238015
1.06896	-0.202649
0.936266	-0.351843
0.87175	-0.232928
0.661153	-0.413966
0.569797	-0.521169
0.530946	-0.548294
0.427461	-0.485382
0.376973	-0.655719
0.464487	-0.503962
0.605952	-0.504962
0.391347	-0.427279
0.550719	-0.549053
0.606294	-0.461187
0.779647	-0.742218
0.65966	-0.728915
0.517914	-0.725208
0.604064	-1.0704
0.628042	-1.04479
0.706638	-0.895471
0.692844	-0.808493
0.723826	-0.850712
0.434324	-0.920441
0.362542	-1.17879
0.307805	-1.14036
0.220469	-0.983692
0.471027	-1.00389
0.454172	-1.07167
0.284176	-1.06815
0.301256	-0.88355
0.422851	-1.0795
0.161114	-1.00832
0.448676	-0.840475
0.463041	-1.016
0.345406	-0.910654
0.510159	-0.925288
0.607478	-0.980584
0.507307	-0.9324
0.378231	-1.21099
0.542001	-1.12293
0.707156	-1.05431
0.842161	-1.02703
0.102298	-0.730497
0.0511609	-0.562665
0.228178	-0.540454
0.322848	-0.470984
0.302256	-0.431035
0.322947	-0.265363
0.306387	-0.561787
0.249845	-0.479945
0.227429	-0.732207
0.794158	-1.00437
1.81679	-1.04122
1.89187	-1.08262
1.8776	-0.921935
1.93373	-0.813964
1.90312	-0.50268
1.86287	-0.325921
1.83864	-0.139636
2.07503	-0.219144
2.03506	-0.356317
1.74038	-0.12044
1.76419	-0.155105
1.57018	-0.35123
1.42431	-0.276303
1.72311	-0.114584
1.76218	0.0851705
2.00703	-0.0760554
2.10097	-0.231119
1.94369	-0.245062
1.80515	-0.134329
1.77296	0.0348847
1.83671	0.00229502
1.85436	0.0525596
1.83277	0.162736
1.90616	0.131568
1.76862	0.258654
1.81032	0.0787731
1.6867	-0.111512
1.78861	0.193429
1.71911	0.439707
1.69252	0.304165
1.69876	0.256135
1.62583	0.289496
1.54556	0.39428
1.47907	0.420314
1.70023	0.205552
2.01343	-0.116552
1.77552	-0.0176532
1.7595	-0.143311
1.7766	-0.119
1.77448	-0.0386112
1.84018	-0.0566558
1.80249	0.041989
1.64816	0.0814783
1.13759	-0.313186
1.31681	-0.371864
1.43146	-0.709879
1.54141	-0.859657
1.711	-0.226162
0.467571	-0.596698
1.15662	-0.685162
1.3716	-0.841008
1.44614	-0.915989
1.5033	-0.839192
1.77176	-0.77858
2.02213	-0.591709
1.63378	-0.3809
1.31122	-0.478861
1.42307	-0.455437
1.29085	-0.425359
1.28033	-0.597295
1.18694	-0.408569
1.06641	-0.517404
-0.038657	-0.532281
1.07846	-0.37494
1.71895	-0.885985
1.66314	-1.03044
1.51591	-1.03218
1.5796	-1.02583
1.54538	-0.836395
1.55903	-0.603277
1.62295	-0.413441
1.84488	-0.229658
1.68294	-0.383007
1.61929	-0.428984
1.70871	-0.569142
1.68632	-0.439447
1.44528	-0.377663
1.60715	-0.374283
1.80186	-0.330218
1.64749	0.0222333
1.80969	0.00112827
1.50154	-0.127542
0.911403	-0.253033
0.967503	-0.448436
1.06052	-0.767113
1.10434	-0.886012
1.10531	-1.00397
1.15886	-1.03546
1.20426	-0.980668
1.25988	-0.919967
1.40329	-0.807561
1.55272	-0.615098
1.5626	-0.307692
1.56525	-0.0444056
1.62282	0.00551045
1.28862	-0.147219
1.01213	-0.0464618
0.663416	-0.0992466
0.92234	0.223975
0.882042	0.0870811
0.882634	0.031747
0.886398	0.07238
0.879859	0.0191265
0.986448	0.184208
1.17056	0.125156
1.53011	0.0608135
1.70015	0.128466
1.20113	-0.00306848
1.14224	-0.186852
0.88381	-0.240811
0.959183	-0.0854705
0.969959	-0.288716
0.896967	-0.229696
0.212252	-0.316537
0.166919	-0.40927
-0.00913772	-0.429058
-0.103234	-0.599718
-0.311781	-0.529282
-0.273046	-0.740191
-0.297874	-0.558221
-0.401471	-0.445246
-0.225397	-0.568718
-0.0904347	-0.563331
-0.22153	-0.625599
-0.427782	-0.568718
-0.336433	-0.614795
-0.184422	-0.5617
-0.0920344	-0.520833
-0.123906	-0.39654
-0.053748	-0.360344
0.338044	-0.367727
0.217372	-0.429161
0.264097	-0.493405
0.577441	-0.406232
0.420713	-0.716177
0.43222	-0.664204
0.630501	-0.614942
0.452121	-0.499849
0.492519	-0.641436
0.574818	-0.70152
0.482798	-0.659503
0.602499	-0.659752
0.627177	-0.640462
0.523625	-0.797169
0.15932	-0.654557
0.387309	-0.450464
0.520622	-0.42673
0.334771	-0.335612
0.413824	-0.408653
0.43298	-0.308178
0.338244	-0.483159
1.0547	-0.691892
0.71258	-0.629093
0.658318	-0.401709
0.846549	-0.593403
0.871001	-0.496677
0.734063	-0.569485
0.686697	-0.582919
0.537948	-0.503578
0.455873	-0.718648
0.677131	-0.741285
0.869572	-0.641607
0.739719	-0.59954
0.726655	-0.554763
0.663731	-0.782079
0.694687	-0.809664
0.679885	-0.615453
0.690013	-0.552482
0.667745	-0.463402
0.36175	-0.377078
0.498394	-0.465989
0.720607	-0.935197
0.537174	-0.825371
0.389725	-0.77792
0.403639	-0.920841
0.572208	-0.918767
0.853085	-0.696196
0.81951	-0.711053
0.868257	-0.631057
0.542367	-0.40844
0.425713	-0.365672
0.71308	-0.472563
0.931984	-0.244753
1.23442	0.266121
1.25074	0.397988
1.45709	0.360905
1.43495	0.426188
1.51712	0.497794
1.69792	0.570378
1.72258	0.361895
1.39336	0.540691
1.35716	0.508096
1.24801	0.554566
1.19794	0.288687
0.806868	0.15423
0.524854	-0.29942
0.500294	-0.349544
-0.207846	-0.170236
-0.00679559	0.139838
0.458274	0.0371326
0.38454	-0.110588
0.625516	-0.4271
0.584151	-0.404372
0.796647	-0.55427
0.765537	-0.315903
0.737272	-0.145326
0.905486	-0.199697
1.00326	-0.285656
0.957116	-0.227859
0.875933	-0.242831
0.846446	-0.347154
0.802191	-0.432366
0.796652	-0.527202
0.955147	-0.647528
1.18357	-0.748302
1.04675	-0.696677
0.963931	-0.670709
1.16558	-0.759106
1.31254	-0.834367
1.6967	-0.791752
1.81151	-0.552458
1.74413	-0.295087
1.67583	-0.148084
1.73823	-0.254523
1.64367	-0.347486
1.40543	-0.454869
1.18979	-0.58376
1.10108	-0.658334
0.97973	-0.679209
0.94813	-0.665031
1.01497	-0.607694
1.16618	-0.479109
1.5509	-0.0242671
1.54105	-0.175897
1.21181	-0.523405
0.685899	-0.401328
0.256775	-0.358843
0.267506	-0.5001
0.19883	-0.571894
0.06702	-0.242289
-0.145028	-0.527858
-0.122346	-0.416375
0.268014	0.180145
0.654803	0.257626
0.673329	0.178332
0.623636	0.140433
0.581957	0.153853
0.550258	0.198016
0.451691	0.26732
0.494211	0.302519
0.662644	0.0922496
0.867666	-0.233424
0.900939	-0.320589
0.782811	-0.283914
0.738036	-0.299036
0.737639	-0.346395
0.649407	-0.298417
0.677881	-0.315088
0.670737	-0.258728
0.703381	-0.220214
0.763468	-0.210627
0.909021	-0.261536
0.906495	-0.202346
0.962732	-0.212767
0.571232	0.360906
0.173941	0.537165
-0.066613	0.411283
-0.330611	0.374186
-0.474059	0.297063
-0.461845	0.21824
-0.685205	0.233418
-0.676836	0.332203
-0.566778	0.374965
-0.183846	0.183938
0.126112	0.186156
0.0849662	0.101685
0.262592	-0.0520254
0.2409	-0.0521659
0.129741	0.0429796
-0.00542077	0.0769136
-0.0711755	0.0882752
0.0166045	0.0305703
0.125989	0.175971
0.185747	0.262054
0.0864857	0.321587
0.227936	0.322809
0.498959	0.139977
0.874682	-0.0697523
0.963264	-0.121818
0.928084	0.109936
0.638288	0.345318
0.164269	0.218704
0.220013	-0.228562
-0.217626	-0.331659
-0.234985	-0.513449
-0.11917	-0.892272
-0.21882	-0.862689
-0.138465	-0.922602
-0.255195	-0.656683
-0.33994	-0.844832
-0.295943	-0.794008
-0.351921	-0.632559
-0.412042	-0.162634
-0.366686	-0.432753
-0.358639	-0.548102
0.00917781	-0.30435
-0.336727	-0.86769
0.104634	-0.810899
0.837594	-0.401623
0.636848	-0.234687
0.327146	-0.228988
0.239857	-0.120535
0.334462	-0.126777
0.435912	-0.106737
0.634985	-0.210561
0.783153	-0.307434
0.80902	-0.515646
0.809839	-0.283206
0.706845	-0.320469
0.465393	-0.523416
0.647891	-0.444803
0.630877	-0.282693
0.820042	-0.332178
0.430535	-0.332035
0.290296	-0.368891
0.723256	-0.612989
0.741169	-0.670192
0.777291	-0.745076
0.773427	-0.739746
0.942262	-0.665326
1.11337	-0.652512
1.29282	-0.764301
1.55829	-0.807056
1.67681	-0.662931
1.78754	-0.628961
0.877923	-0.345302
0.059197	-0.645524
-0.753434	-0.649222
-1.12294	-0.652908
-1.27432	-0.205872
-1.26476	-0.127133
-0.825254	-0.0987411
-0.746519	-0.226199
-0.249692	-0.4997
0.0284219	-0.63267
0.0383603	-0.482332
-0.289398	-0.326446
-0.213686	-0.491643
0.166666	-0.626521
0.0426428	-0.45292
0.32906	-0.637232
0.570193	-0.698178
0.323489	-0.671112
0.675262	0.0169836
0.51435	-0.21357
0.69491	-0.26892
0.655892	-0.338375
0.653416	-0.438736
0.205087	-0.183069
0.132147	-0.243518
0.80082	-0.464507
0.807878	-0.456324
0.841727	-0.624156
1.02422	-0.675924
1.25353	-0.711486
1.27133	-0.817286
1.30237	-0.860109
1.35989	-0.920514
1.49276	-0.92
1.516	-0.965535
1.49992	-0.930036
1.72306	-0.981675
1.58866	-0.886829
1.69153	-0.812406
1.74737	-0.71458
1.63721	-0.63453
1.66709	-0.651807
1.78851	-0.56546
1.52828	-0.396516
1.27895	-0.410847
1.04994	-0.528965
0.85706	-0.634848
0.91099	-0.497889
0.726443	-0.520451
0.703646	-0.504913
0.613656	-0.605479
0.613771	-0.507122
0.451173	-0.549472
0.385114	-0.54431
0.437045	-0.387123
0.107535	-0.544812
0.28119	-0.487568
0.264126	-0.684218
0.535646	-0.770217
0.625889	-0.344575
0.627348	-0.337032
0.701009	-0.249582
0.698172	-0.359772
0.645995	-0.330304
0.454695	-0.241877
0.378122	-0.359912
0.661327	-0.367325
0.514229	-0.394639
0.473367	-0.544224
0.506752	-0.471228
0.885223	-0.478571
0.62769	-0.639625
0.524528	-0.303675
0.629705	-0.548141
0.700082	-0.52073
0.553908	-0.442826
0.590473	-0.437309
0.479056	-0.396673
0.446552	-0.492749
0.443848	-0.53952
0.428665	-0.631535
0.434951	-0.698808
0.318174	-0.61558
0.270754	-0.585584
0.378214	-0.520689
0.278657	-0.749794
0.398526	-0.561126
0.261427	-0.400394
0.440659	-0.736996
0.363802	-0.988123
0.20886	-0.952181
0.149243	-0.759591
0.485473	-0.891223
0.490453	-0.780502
0.551879	-0.618356
0.735784	-0.762287
0.299367	-0.606926
0.45049	-0.786056
0.287477	-0.756325
0.218937	-0.852047
0.0789928	-0.509245
-0.0666449	-0.618498
-0.307192	-0.620851
-0.212954	-0.697117
-0.151749	-0.666696
0.00223016	-0.663662
-0.138059	-0.769604
0.0328012	-0.626071
0.0917467	-0.625252
0.436636	-0.576884
0.613495	-0.323799
0.701138	-0.41023
-0.466749	-0.671891
-0.0200142	-0.737687
0.488999	-0.493646
0.585499	-0.190449
0.791345	-0.318305
0.762418	-0.46389
0.677016	-0.390373
0.546962	-0.173067
0.751762	-0.201657
0.754698	-0.385777
0.731012	-0.367833
0.64387	-0.223813
0.573306	-0.30607
0.584709	-0.138914
0.779975	-0.127206
0.690946	-0.257509
0.871271	-1.02754
0.903907	-1.1351
0.802205	-1.18016
1.43259	-0.868325
1.33196	-1.01338
1.24597	-1.05781
1.33244	-1.15759
1.34935	-1.18497
1.3563	-1.17266
1.23476	-1.12346
1.15693	-1.00223
1.19934	-0.890131
1.23639	-0.800803
1.32579	-0.704448
1.51331	-0.568861
1.24208	-0.228114
1.07728	-0.0244374
1.21021	0.0412502
1.19678	-0.0767738
1.31273	-0.258748
1.39859	-0.391438
1.55166	-0.541509
1.62899	-0.627938
1.62071	-0.669929
1.3697	-0.485824
1.0473	-0.362959
0.759456	-0.265217
0.666565	-0.337479
0.809649	-0.559385
1.01229	-0.778139
1.02342	-0.793804
1.05019	-0.822588
1.04596	-0.616471
1.19004	-0.477582
1.51044	-0.485602
1.66596	-0.448208
1.85514	-0.406834
1.81504	-0.298156
1.83267	-0.190012
1.81514	-0.0797171
1.74958	-0.0416879
1.63432	0.155681
1.75421	0.309739
1.92715	0.61276
1.85357	0.425594
1.89616	0.0163495
1.72528	-0.413204
1.4271	-0.56718
1.225	-0.696048
1.05044	-0.676079
0.959939	-0.448743
0.56734	-0.0269918
0.77659	0.511876
1.33896	0.0192617
1.24989	-0.0610463
1.53827	-0.326049
1.11949	-0.541665
0.501755	-0.49207
0.0797647	-0.647423
0.170219	-0.422587
0.519056	-0.300733
1.301	-0.233972
1.27766	-0.30286
1.17084	-0.409882
1.09749	-0.48675
1.11403	-0.461572
1.14405	-0.482723
1.08433	-0.292983
1.19581	-0.383219
1.15351	-0.406316
1.10205	-0.362544
1.31315	-0.377337
1.40557	-0.372786
1.1655	-0.54646
0.861849	-0.660954
0.787711	-0.688838
0.859551	-0.661205
0.92678	-0.622507
0.959856	-0.621034
1.02246	-0.670717
1.15796	-0.634074
1.1312	-0.656321
1.22729	-0.71781
1.52849	-0.48744
1.45017	-0.3706
1.33155	-0.337165
1.23262	-0.0867284
1.03254	-0.0562502
0.829392	-0.276114
0.61499	-0.24377
0.632787	-0.264188
0.711947	-0.167538
0.569817	-0.124898
0.81512	-0.270948
0.871196	-0.253428
0.831945	-0.387907
0.736176	-0.354382
0.730932	-0.221931
0.558513	-0.233474
0.785784	-0.405388
0.595283	-0.438346
1.06775	-0.682549
0.998144	-0.699145
0.510261	-0.449224
-0.510878	-0.353801
-0.831405	-0.645933
-0.529631	-0.677044
-0.690262	-0.663964
-0.37476	-0.633912
-0.209032	-0.354111
0.0578136	-0.722953
-0.0347263	-0.541879
0.386604	-0.856784
0.127595	-0.753022
0.783998	-0.479507
1.37134	-0.195975
1.06882	-0.209853
1.01104	-0.16303
0.930139	-0.196339
0.891631	-0.299126
0.930464	-0.444984
1.1946	-0.620372
1.21447	-0.619474
1.26501	-0.57388
1.34655	-0.559834
0.782323	-0.445036
0.108322	-0.603598
-0.447286	-0.340129
-0.387498	-0.447659
-0.120647	-0.352409
-0.279278	-0.455857
-0.416928	-0.569959
-0.453226	-0.681841
-0.319351	-0.558421
-0.36794	-0.768595
-0.252455	-0.688154
-0.112186	-0.881069
0.183855	-0.676329
0.439233	-0.721906
1.09301	-0.36736
0.850256	-0.46918
0.764048	-0.463617
0.683652	-0.426396
0.78247	-0.357433
1.02475	-0.309226
1.16521	-0.120589
1.40068	-0.0546859
1.52691	-0.188778
1.769	-0.257328
2.05054	-0.303002
2.24365	-0.116445
2.11941	0.099121
1.89081	-0.00251527
1.85175	-0.377705
0.728655	-0.840308
-0.550092	-0.089576
-0.772564	0.053503
-1.22941	0.573911
-1.11799	0.384439
-0.956564	0.278348
-0.792371	0.385881
-0.578782	0.298789
-0.31241	0.269379
0.0207548	0.305025
0.585953	-0.134657
0.387679	-0.137524
0.790145	-0.470599
0.819628	-0.576537
0.779055	-0.58811
0.699993	-0.514588
0.774409	-0.584347
0.767457	-0.495849
0.827272	-0.449165
0.953768	-0.253178
1.29528	-0.448061
1.31404	-0.586229
1.40525	-0.442311
1.43795	-0.563144
1.22426	-0.204689
1.47764	-0.145891
1.09581	0.0728237
0.795339	-0.10405
0.180699	-0.105035
0.024206	-0.566478
-0.412627	-0.800557
-0.352444	-0.961001
-0.154282	-0.694032
0.444347	-0.41797
-0.23084	-0.64694
-0.164574	-0.745284
-0.23378	-0.62148
-0.383306	-0.614904
-0.225293	-0.519022
0.125963	-0.370058
0.285114	-0.0366805
1.31896	-0.115356
1.0832	-0.114587
0.734996	0.22288
1.26461	-0.610802
1.21994	-0.518921
1.20121	-0.536283
1.2638	-0.608049
1.59965	-0.674872
1.53987	-0.587266
1.46352	-0.579935
1.25061	-0.483231
1.3425	-0.474128
1.12923	-0.371745
0.81846	-0.305093
0.539539	-0.285308
-0.0573848	-0.13689
-0.247713	-0.248459
0.0711161	-0.171902
0.073445	-0.167418
0.510278	-0.36866
0.693434	-0.208725
0.715814	-0.409451
0.79352	-0.549026
0.872181	-0.585936
1.09131	-0.463935
0.71421	-0.38788
0.601678	-0.621412
0.463625	-0.385051
0.479917	-0.613611
0.284321	-0.622644
0.439025	-0.442795
0.689891	-0.377705
0.375219	-0.397804
0.442955	-0.63422
0.482756	-0.418449
0.478447	-0.319476
0.502721	-0.49878
0.290465	-0.430543
0.125344	-0.49562
0.159756	-0.602792
0.0446407	-0.446775
0.099733	-0.570503
0.0823632	-0.560792
0.133706	-0.55816
0.373734	-0.441078
0.27403	-0.439013
0.327018	-0.513098
0.517092	-0.364454
0.669333	-0.171678
0.788397	-0.127205
0.556069	-0.343045
0.483029	-0.406846
0.513659	-0.408567
0.682005	-0.790097
0.657946	-0.85823
0.746382	-0.863011
0.722188	-0.851714
0.423487	-0.905919
0.482271	-0.72064
0.217184	-0.666442
0.341689	-0.693718
0.452927	-0.784643
0.214844	-0.599387
0.120459	-0.821873
0.265827	-0.522795
0.204412	-0.577092
0.227366	-0.79427
0.236795	-0.903832
0.242633	-0.741482
0.0541544	-0.678364
0.109216	-0.588433
0.329175	-0.60317
0.068733	-0.493588
0.230593	-0.529743
0.248128	-0.464704
0.415663	-0.203311
0.439271	-0.308766
0.351325	-0.333284
0.528522	-0.0272025
0.550142	-0.266275
0.572448	-0.302633
0.396568	-0.525963
0.340818	-0.313615
0.347682	-0.236905
0.467506	-0.431742
0.511181	-0.43937
0.144965	-0.397571
0.106107	-0.425362
-0.151558	-0.00671524
0.0117716	0.772868
0.147176	0.897523
0.114028	0.937322
0.426314	0.688477
0.491157	0.779177
0.350721	0.89335
0.156244	0.667068
0.17522	0.654511
-0.0299896	0.502404
0.879233	0.132497
1.27298	-0.25531
1.10078	-0.321377
1.23185	-0.528395
1.30476	-0.46445
1.34875	-0.308195
1.48563	-0.222356
1.55656	-0.329287
1.68835	-0.385062
1.55595	-0.336758
1.61758	-0.347238
1.64368	-0.343972
1.78265	-0.30172
1.72082	-0.185305
1.66626	-0.15882
1.66826	-0.100794
1.31585	-0.155396
0.71821	-0.332545
0.339063	-0.617121
1.10658	-0.483813
1.41203	-0.373027
0.891804	-0.57692
0.771386	-0.562165
0.683293	-0.497729
0.780592	-0.334723
0.248963	0.282027
-0.117522	0.0911909
-0.735215	-0.013983
-1.10309	-0.131128
-1.05412	0.153444
-1.04914	-0.104069
-1.00993	-0.205745
-1.30342	-0.192559
-0.845026	-0.00262641
-1.032	-0.297494
-0.879523	-0.152901
-1.03908	-0.159978
-1.02826	-0.253315
-0.778502	-0.163666
-0.144605	-0.131965
0.803545	-0.114988
0.85749	-0.378716
0.773158	-0.463835
0.836145	-0.524467
0.892582	-0.547899
0.885823	-0.517066
0.973967	-0.490258
1.0845	-0.436437
1.21278	-0.445386
1.23224	-0.384769
1.33123	-0.292333
1.41663	-0.25188
1.46735	-0.25859
1.22702	-0.194349
1.21562	-0.381179
1.08192	-0.202801
1.03206	-0.269882
1.07344	-0.505401
1.11304	-0.343503
-0.116598	-0.813951
-0.0717034	-0.748375
0.47416	-0.251987
0.607726	-0.467209
0.788618	-0.494157
1.05076	-0.291034
0.99604	-0.364225
0.367904	-0.487105
-0.141658	-0.84861
-0.437213	-0.550935
-0.016073	-0.491902
0.0738296	-0.510423
0.0179184	-0.608134
-0.0257564	-0.726936
-0.0519812	-0.626606
0.521071	-0.66194
1.84089	-0.676422
1.82701	-0.797233
1.46273	-1.07792
1.26506	-1.09038
1.02213	-0.95641
0.998462	-0.835303
1.01614	-0.694864
1.26579	-0.635905
1.11572	-0.650582
0.855081	-0.844454
0.717377	-0.879334
0.683646	-0.782957
0.777541	-0.783201
0.851445	-0.663943
1.10803	-0.544534
1.31939	-0.427834
0.424279	-0.832929
0.424591	-0.950381
0.299754	-0.684333
-0.243702	-0.613847
-0.0123282	-0.671392
-0.0291329	-0.614325
-0.0287666	-0.419684
0.469047	-0.447363
1.60214	-0.375219
1.64268	-0.626678
1.43459	-0.667091
1.2834	-0.698934
1.24624	-0.855789
1.38729	-0.877875
1.43014	-0.557665
1.14293	-0.432751
1.38516	-0.477515
1.21069	-0.346975
1.20882	-0.685069
1.24407	-0.569635
1.04987	-0.71971
0.850406	-0.775491
0.824242	-0.565342
0.625165	-0.694824
0.743556	-0.663443
1.16679	-0.498738
1.51421	-0.805227
1.56967	-0.713464
1.40616	-0.69768
1.39254	-0.457958
1.56228	-0.441884
1.62561	-0.475635
1.42046	-0.46451
1.30382	-0.369554
1.25473	-0.45748
1.14849	-0.51023
0.878494	-0.537641
0.71139	-0.533819
0.738384	-0.544485
0.775956	-0.474083
0.752502	-0.463566
0.731534	-0.354254
0.940191	-0.310794
1.03317	-0.235271
1.15652	-0.249752
1.27937	-0.144972
1.40961	-0.137995
1.46221	-0.203928
1.54296	-0.0422706
1.57285	-0.157489
1.71987	-0.315802
1.60056	-0.0465118
1.67939	-0.28927
1.60694	-0.189055
0.6784	-0.795322
0.768216	-0.931289
0.465651	-0.586247
0.421522	-0.794913
0.595715	-0.702428
0.364282	-0.874659
0.347095	-0.966533
0.555848	-0.796475
0.580239	-0.800668
0.306252	-0.78037
0.368136	-0.749043
0.351385	-0.732347
0.355738	-0.699631
0.558454	-0.699397
0.519152	-0.87576
0.727897	-0.868128
0.736231	-0.902372
0.63485	-0.899482
0.586586	-0.713542
0.670851	-0.885374
0.5739	-0.997479
0.486012	-1.06151
0.380625	-1.13689
0.633208	-1.11165
0.612236	-1.02634
0.718783	-1.07652
0.643271	-0.935705
0.804075	-0.583607
0.910379	-0.51617
1.08801	-0.625302
0.860842	-0.625161
0.884251	-0.311906
0.761138	-0.15874
0.806824	-0.255159
0.792231	-0.157452
0.909403	-0.216097
0.973198	-0.256897
0.799155	-0.376378
0.956849	-0.333052
0.824301	-0.303571
0.858709	-0.443821
1.01931	-0.646387
1.00122	-0.412898
1.24638	-0.10504
1.44343	-0.0082494
1.54192	-0.0876497
1.49209	-0.120683
1.3328	-0.106374
1.29067	-0.115667
1.13253	-0.235117
1.99685	-0.462253
2.04358	-0.60883
1.87177	-0.57782
1.93556	-0.659684
1.75422	-0.601619
1.66454	-0.532674
1.71313	-0.486735
1.80743	-0.35697
1.99884	-0.390122
2.03285	-0.670799
1.79093	-0.552324
1.50672	-0.348077
1.58043	-0.535127
1.70129	-0.486716
1.80626	-0.350073
2.02938	-0.288205
1.78996	-0.162727
1.28609	-0.082788
0.715688	-0.419749
0.285041	-0.137773
0.182746	-0.0729529
0.0541117	0.07016
0.0276138	0.181892
0.0675451	0.241662
0.153536	0.159807
0.209569	-0.0705981
0.149477	-0.151035
0.390607	-0.265219
0.545812	-0.451112
0.789796	-0.701155
0.885344	-0.707888
0.930171	-0.738878
1.02855	-0.823648
0.887356	-0.771859
0.769674	-0.68755
0.692473	-0.61947
0.570675	-0.530327
0.592144	-0.552525
0.936296	-0.498456
0.716631	-0.452193
0.249937	-0.243227
0.288296	-0.245526
0.378272	-0.191222
0.593476	-0.114964
0.992067	-0.0432834
1.35633	0.194235
1.56913	0.167169
1.7393	0.00911036
1.63124	-0.213226
1.65103	-0.3343
1.59028	-0.204321
1.73244	-0.18371
1.82912	-0.362289
1.69486	-0.366337
1.50056	-0.107538
1.50043	-0.111997
0.74071	-0.0831035
0.156745	0.230956
0.0828161	0.330789
0.501545	0.240574
0.607171	0.0798639
0.886334	0.0349237
0.929612	-0.0716407
0.583421	-0.204981
0.487444	-0.168929
0.318158	-0.349592
-0.31452	-0.771222
-0.359157	-0.421853
-0.235309	-0.643869
-0.109386	-0.686177
-0.0149076	-0.597646
-0.155472	-0.378558
0.135561	-0.672036
1.34754	-0.442641
1.66125	-0.473542
1.44367	-0.547969
1.3738	-0.543369
1.38676	-0.514121
1.42795	-0.43277
1.55532	-0.310644
1.54611	-0.193525
1.1498	-0.11189
0.76164	-0.470938
0.753338	-0.663666
0.694549	-0.454784
0.637573	-0.461152
0.414325	-0.41277
0.0971956	-0.506664
0.68821	-0.608186
0.153788	-0.504655
0.154125	-0.461286
0.00916313	-0.985957
0.606699	-0.811465
1.25881	-0.317109
1.50537	-0.202922
1.53999	-0.238837
1.62923	-0.285523
1.64535	-0.306316
1.50702	-0.286776
1.42502	-0.307857
1.48859	-0.546906
1.34292	-0.522949
1.20058	-0.546235
1.10812	-0.629254
1.09636	-0.680139
1.06386	-0.541376
0.949884	-0.451682
0.939421	-0.369461
0.923833	-0.289287
0.984708	-0.409448
0.995428	-0.456068
1.08833	-0.53934
1.26928	-0.490128
1.31417	-0.29444
1.12301	-0.232916
1.42864	-0.49854
1.21508	-0.685297
1.105	-0.691732
1.02867	-0.660099
0.940554	-0.62599
0.902168	-0.563012
0.667393	-0.299914
0.451408	-0.076544
0.320883	0.217615
0.178484	0.322787
0.284831	0.406229
0.26363	0.278292
0.202366	0.216521
0.378368	0.0359988
0.938911	-0.0717043
1.49041	-0.0840628
1.52889	-0.12874
1.45085	-0.0992438
1.44633	-0.160573
1.48585	-0.242689
1.55746	-0.298146
1.52667	-0.341454
1.08653	-0.298834
0.472934	-0.329714
0.299332	-0.258249
0.257272	-0.26889
0.215728	-0.164356
0.309644	-0.1704
0.512949	-0.163018
1.01712	-0.242308
1.5178	-0.404762
1.58654	-0.336465
1.53821	-0.285718
1.63685	-0.379138
1.61586	-0.333387
1.70556	-0.258135
1.21135	-0.219844
0.517085	-0.73439
0.816247	-0.418999
0.761496	-0.700574
0.909362	-0.758426
1.25341	-0.914645
1.32075	-0.881561
1.18846	-0.787721
1.30809	-0.807133
1.26786	-0.802511
1.50571	-0.845519
1.67876	-0.730646
1.78274	-0.563729
1.98844	-0.364376
2.0166	-0.359654
2.14426	-0.41739
2.08515	-0.414429
2.07816	-0.50806
2.30236	-0.865407
2.19569	-0.8711
2.16086	-0.809702
1.96544	-0.822375
2.06281	-0.837774
1.71889	-0.694131
1.72369	-0.892526
1.64955	-0.871768
1.19788	-0.341539
1.38994	-0.274629
1.0989	-0.189674
0.830069	-0.430053
0.877003	-0.337387
0.893468	-0.388796
0.643586	-0.41637
0.697672	-0.37154
0.718098	-0.469814
0.719647	-0.23465
0.806857	-0.28263
-0.07308	-0.714019
0.24717	-0.644102
0.616771	-0.675373
0.625052	-0.420105
0.676497	-0.485933
0.626867	-0.58112
0.650376	-0.543844
0.544641	-0.592087
0.46246	-0.628776
0.292522	-0.553646
0.454296	-0.455577
0.462301	-0.275608
0.55046	-0.57017
0.439093	-0.393402
0.305451	-0.586354
0.525903	-0.505041
0.26767	-0.525769
0.485721	-0.406244
0.437531	-0.569114
0.561284	-0.419712
0.307172	-0.458815
0.434383	-0.441957
0.496107	-0.220347
0.41737	-0.370557
0.516314	-0.525149
0.686965	-0.473473
0.660481	-0.62781
0.739222	-0.461281
0.515758	-0.376424
0.4739	-0.443854
0.439764	-0.420575
0.84815	-0.422134
0.94405	0.158329
1.43388	0.481627
1.55083	0.547724
1.58285	0.525553
1.43875	0.402046
0.891267	0.261327
0.38034	0.00700355
0.247712	0.335806
0.0281688	0.315109
0.19152	0.306299
0.720963	0.0925322
1.13132	-0.208553
1.29164	-0.439848
1.43745	-0.52648
1.28406	-0.502498
0.984276	-0.309656
1.13458	-0.402893
1.42887	-0.516427
1.55585	-0.557863
1.39904	-0.546799
1.24403	-0.476954
1.27656	-0.583603
1.26728	-0.633056
1.33055	-0.656695
1.36626	-0.636163
1.72716	-0.678622
1.85391	-0.572118
1.43046	-0.447961
1.16444	-0.265665
1.24124	-0.132898
1.42438	-0.181204
1.60609	-0.179875
1.61643	0.109891
1.56871	0.18973
1.48646	0.0785558
1.36501	0.0790236
0.402806	-0.163202
0.807243	-0.46893
1.42127	-0.421951
1.61063	-0.452075
1.45054	-0.32605
1.44587	-0.358037
1.12879	-0.276071
1.44185	-0.388326
1.3827	-0.44422
1.31797	-0.480522
1.37548	-0.58197
1.34642	-0.583169
1.38807	-0.649939
1.30302	-0.613039
1.47944	-0.640523
1.5845	-0.666362
1.52887	-0.612027
1.47659	-0.507771
1.50143	-0.475906
1.5797	-0.526299
1.39227	-0.438739
1.40536	-0.472697
1.39177	-0.488166
1.22577	-0.422
1.18057	-0.511404
1.04556	-0.510722
1.06073	-0.537315
0.917754	-0.499701
0.794614	-0.500483
0.918063	-0.534289
0.870734	-0.571674
0.879251	-0.659249
0.924723	-0.762341
0.956735	-0.847933
1.04192	-0.919305
1.10294	-0.949842
1.1311	-0.975673
1.13143	-0.995004
1.09439	-0.978668
1.12532	-0.962286
1.06488	-0.738793
1.12084	-0.577257
1.31656	-0.506708
0.965428	-0.459966
0.753752	-0.191318
1.49538	-0.460763
1.35721	-0.521116
1.34233	-0.587391
1.4331	-0.678194
1.54122	-0.669293
1.51249	-0.569033
1.55586	-0.541286
1.56108	-0.405821
1.70567	-0.275719
1.81276	-0.0396515
2.03221	-0.0260901
2.05122	-0.0521491
1.8209	-0.00813804
1.83749	-0.071644
1.74202	0.1502
1.39402	0.329536
0.493567	-0.0772204
0.531807	0.00166129
0.410711	-0.440703
0.100829	-0.43542
-0.0399828	-0.342019
-0.180813	-0.535982
0.0352181	-0.704679
0.056584	-0.588563
0.364102	-0.794112
0.796135	-0.229646
0.877899	-0.114477
0.705744	-0.0734893
0.676514	-0.0613378
1.21046	-0.345435
1.7096	0.0297235
1.83827	-0.147527
1.83531	-0.0517209
1.84716	-0.14354
1.99255	-0.270187
1.91552	-0.110828
1.70687	0.13151
1.06799	0.248903
1.2939	0.18104
0.974783	-0.176558
1.17168	-0.486542
1.19753	-0.66971
1.05451	-0.617578
1.08934	-0.591813
1.10592	-0.537932
1.24924	-0.349562
1.50804	-0.31311
1.51829	-0.338595
1.34786	-0.312862
1.23519	-0.26374
1.04793	-0.430621
0.350356	-0.475631
0.347975	-0.785419
0.420584	-0.46611
0.0394756	-0.604195
0.237269	-0.646473
0.852709	-0.35932
1.11112	-0.308783
1.19142	-0.350091
1.23218	-0.405653
1.31075	-0.31378
0.938271	-0.0436296
0.247797	-0.234187
-0.284136	-0.477277
-0.331193	-0.841033
-0.0738882	-0.717912
0.236431	-0.948911
0.726223	-0.817371
0.491014	-0.295162
0.328954	-0.17602
-0.0345893	-0.422133
0.0634731	-0.476908
0.364895	-0.616622
0.900982	0.0512731
0.919781	0.0606318
0.567958	-0.165584
1.00606	0.0215853
1.78296	0.0964199
2.14868	-0.321672
2.1326	-0.237516
2.04545	-0.331213
2.06551	-0.201091
2.06172	-0.219173
1.8784	0.272458
1.46712	0.100488
1.21506	0.0448532
0.954859	-0.141397
1.05532	-0.317014
0.859439	-0.111264
0.783447	-0.274555
0.275711	-0.286018
0.619389	-0.289926
1.18298	-0.470124
1.63605	-0.45563
1.67009	-0.515873
1.78059	-0.622596
1.81964	-0.560701
1.65752	-0.376685
1.70866	-0.249241
1.58969	-0.14284
1.67167	-0.156678
1.60182	-0.078067
1.64906	-0.15244
1.56744	-0.249404
1.65583	-0.444023
1.91645	-0.408594
2.00332	-0.364069
1.88506	-0.173501
1.86078	-0.062099
1.91665	-0.0311662
1.84893	0.125896
1.82925	-0.0735195
2.05523	-0.194667
2.0226	-0.252444
1.70844	-0.169083
1.72315	-0.237577
1.76721	-0.047916
1.89122	-0.0505029
2.02549	-0.122255
2.0233	0.00796326
1.69415	0.0679507
1.83057	0.131479
1.53686	0.21888
1.3708	-0.0563695
1.23069	-0.127952
1.20243	-0.269964
0.986635	-0.45312
0.787307	-0.55715
0.907534	-0.573975
0.890441	-0.574466
0.730031	-0.627987
0.753346	-0.569094
0.787836	-0.537038
0.692806	-0.513422
0.727143	-0.508189
0.826731	-0.563767
0.757405	-0.539737
0.742843	-0.641339
0.630165	-0.468971
0.889269	-0.160542
0.790232	-0.364846
0.786403	-0.498281
0.783906	-0.597742
0.691773	-0.592894
0.433167	-0.502234
0.318914	-0.50247
0.465064	-0.208074
0.591581	-0.205122
0.671907	-0.221746
0.773543	-0.382771
0.877126	-0.506377
0.957784	-0.605219
0.919076	-0.666498
0.907403	-0.440549
0.989121	-0.243452
0.920996	-0.414108
1.06109	-0.336349
1.56795	0.263293
1.60469	0.601882
1.82457	0.622516
1.77284	0.522464
1.87396	0.69062
1.96927	0.506526
1.95949	0.36791
1.88664	0.258951
1.74301	-0.0748657
1.63883	-0.105654
1.59137	-0.0896904
1.68318	-0.130151
1.75468	-0.148611
1.77129	-0.131843
1.66055	-0.128582
1.59117	0.0821919
1.49752	0.612722
1.50537	0.488259
1.455	0.217843
1.23862	0.00586015
1.2121	-0.318639
1.05933	-0.395682
0.474446	-0.561816
1.35703	-0.455566
1.66322	0.40288
1.77599	0.352604
1.77448	0.251208
1.6487	0.263214
1.55176	0.313108
1.50539	0.375787
1.59439	0.385889
1.61633	0.48807
1.71182	0.556555
1.64205	0.70045
1.41861	0.704571
1.26339	0.63307
1.38084	0.380831
1.59514	0.171955
1.67221	0.0956043
1.77502	0.229447
1.73753	0.368223
1.25387	-0.0859137
1.14334	-0.0640605
1.53868	-0.418554
1.54109	-0.580475
1.2978	-0.5444
1.21764	-0.637455
1.04965	-0.622347
1.03848	-0.646278
1.17717	-0.645414
1.23419	-0.441223
1.43236	-0.411417
1.57386	-0.377331
1.5776	-0.282437
1.46503	-0.298205
1.59699	-0.127004
1.60656	-0.0412521
1.68556	0.0244615
1.08446	-0.000207965
0.320675	-0.0371813
-0.00527206	0.517086
-0.00104993	0.696744
0.0726869	0.771031
0.153444	0.755634
0.308954	0.628295
0.741899	0.439078
1.4372	0.316032
1.59394	0.0262519
1.63633	-0.186682
1.62742	-0.290742
1.13595	-0.124524
0.965362	-0.260428
1.02191	-0.43646
1.16476	-0.560064
1.36708	-0.513128
1.78781	-0.461428
1.57253	-0.424802
1.10581	-0.0424699
0.764266	-0.115797
0.524845	-0.281328
0.482759	-0.393314
0.500453	-0.456047
0.717934	-0.438223
0.374673	-0.685032
0.132514	-0.426547
0.584063	-0.458725
-0.0312536	-0.619634
0.00938696	-0.741749
0.166609	-0.406188
0.821345	0.00996319
0.840104	-0.285068
1.25096	-0.316451
2.00805	-0.158184
2.03528	-0.269057
1.74699	-0.214515
1.78924	-0.395935
1.78651	-0.471061
1.70872	-0.450294
1.63984	-0.436454
1.19418	0.149143
1.64301	0.0234929
1.76943	-0.0931608
1.71571	-0.351561
1.73793	-0.592807
1.95493	-0.61388
1.84043	-0.858823
1.53644	-1.04419
1.21651	-0.939388
0.880738	-0.686602
1.14124	-0.589429
1.01825	-0.504137
1.22688	-0.765998
1.21827	-0.797557
1.28367	-0.968244
1.29964	-0.962565
1.33823	-0.915034
1.37929	-0.938881
1.44878	-0.962817
1.48121	-0.928333
1.57981	-0.860019
1.65845	-0.692747
1.36507	-0.516692
1.2548	-0.602048
1.44594	-0.71111
1.22109	-0.815415
1.23483	-0.692688
1.2237	-0.671646
0.933787	-0.71273
1.07249	-0.582467
0.881933	-0.658182
0.734065	-0.574592
0.405413	-0.479704
0.033371	-0.716411
0.299843	-0.752217
0.363153	-0.641594
0.446215	-0.71801
0.407352	-0.44895
0.517585	-0.616579
0.522368	-0.440146
0.757964	-0.347004
0.771718	-0.561041
0.984974	-0.618722
0.957489	-0.60738
0.830178	-0.44521
0.771372	-0.368218
0.741986	-0.363918
0.673797	-0.381734
0.555049	-0.592971
0.351534	-0.573526
0.348223	-0.701592
0.590348	-0.601223
0.504664	-0.516924
0.256235	-0.465157
0.136088	-0.695342
-0.0022044	-0.630966
0.00251236	-0.624303
0.180163	-0.607765
0.484312	-0.255659
0.476506	-0.275886
0.330991	-0.333071
0.5821	-0.318752
0.535665	-0.347675
0.497786	-0.363672
0.378667	-0.412489
0.309406	-0.433792
0.503144	-0.46504
0.539258	-0.349124
0.520846	-0.276993
0.45702	-0.443265
0.78496	-0.247902
1.7555	0.439085
1.8765	0.660296
1.83899	0.656295
1.76747	0.69568
1.59502	0.744521
1.51717	0.717095
1.65648	0.457524
1.7115	0.0555951
1.75793	-0.268807
1.6377	-0.284238
1.55235	-0.277928
1.55103	-0.287521
1.66887	-0.308416
1.53849	-0.214413
1.63287	-0.211388
1.68709	-0.220552
1.65054	-0.143392
1.58605	-0.233888
1.6895	-0.347716
1.80207	-0.492661
1.78959	-0.593775
1.73618	-0.631473
1.75192	-0.688128
1.66152	-0.625794
1.57796	-0.595654
1.53588	-0.48396
1.11321	-0.477899
0.835879	-0.652361
0.744618	-0.775063
0.716411	-0.902814
0.823933	-1.07519
0.81075	-1.03462
0.844453	-0.884935
1.16539	-0.735857
1.53561	-0.476168
1.33897	-0.388848
1.56997	-0.328728
1.4274	-0.505381
1.156	-0.7997
0.964154	-0.840739
1.10389	-1.13025
0.977755	-0.774596
0.901045	-0.753956
0.849508	-0.994706
0.650654	-0.800677
0.044062	-0.560487
-0.185735	-0.625719
-0.69138	-0.542198
-0.242042	-0.130738
-0.414184	-0.694503
-0.425947	-0.736442
-0.275641	-1.02289
-0.325501	-1.21382
-0.551275	-0.946229
-0.0186398	-0.924893
0.258872	-0.475636
0.285496	-0.602003
0.427499	-0.460457
0.392709	-0.412674
0.522402	-0.482297
0.591816	-0.383304
0.393128	-0.931871
0.195707	-0.835913
0.255298	-0.820641
1.10514	-0.660943
1.07054	-0.782373
1.16747	-0.905846
1.29908	-0.8094
1.40741	-0.653115
1.34106	-0.509785
1.34229	-0.555694
1.27285	-0.525208
0.500745	-0.268764
-0.0718336	-0.505309
-0.319905	-0.821269
-0.14199	-0.421585
-0.183165	-0.51294
0.0414765	-0.741557
-0.226871	-0.532384
-0.167819	-0.672031
0.0948208	-0.758897
0.0190715	-0.672034
0.334265	-0.383484
0.691376	-0.328527
0.671421	-0.499035
0.596469	-0.487127
0.513951	-0.608077
0.539916	-0.439908
0.681247	-0.336802
1.55456	-0.189428
1.56723	-0.547052
1.3806	-0.665083
1.33597	-0.714417
1.30601	-0.731589
1.34985	-0.767877
1.32804	-0.701243
1.49131	-0.648763
1.62708	-0.580125
1.59654	-0.282605
1.613	-0.0400589
1.27677	-0.00751898
1.0478	-0.227437
0.989374	-0.198449
1.12293	-0.472567
1.04673	-0.460519
0.866718	-0.496242
0.530096	-0.337867
0.530349	-0.571776
0.462632	-0.847291
0.499946	-0.904516
0.636059	-0.657142
0.898222	-0.429467
1.09317	-0.209659
1.02211	0.10691
0.468594	0.325466
0.466626	0.213745
0.655778	0.176252
0.886374	-0.228603
0.714067	0.00189379
0.888199	0.126359
0.692993	0.324878
0.750189	0.267125
0.965873	0.103779
1.11444	0.0722001
1.17461	0.168335
1.42326	-0.130672
1.34068	-0.0319634
1.38458	-0.0668862
1.52809	0.171374
1.55645	0.106451
1.70307	-0.0580449
1.58554	-0.499999
1.81097	-0.63721
1.56136	-0.708528
1.49196	-0.617305
1.31596	-0.505323
1.53738	-0.439957
1.5737	-0.343276
1.83733	-0.268822
1.71234	-0.468978
1.35605	-0.542169
1.21477	-0.712801
1.15802	-0.871653
1.173	-0.875122
1.2661	-0.91925
1.30206	-0.920619
1.36438	-0.937099
1.35882	-0.853176
1.33093	-0.767757
1.35339	-0.707318
1.54656	-0.575382
1.74053	-0.56513
1.73308	-0.424276
1.54261	-0.35883
1.57523	-0.499378
1.38091	-0.633723
1.32203	-0.409685
1.27577	-0.688426
1.2207	-0.630332
0.955251	-0.520455
0.908439	-0.539192
0.657888	-0.629111
0.682129	-1.30461
0.76221	-0.827612
0.757738	-0.398913
0.981938	-0.482519
0.888105	-0.343155
0.982543	-0.358012
0.836515	-0.623104
0.800644	-0.405084
0.862867	-0.464795
0.773552	-0.515064
0.486726	-0.865587
0.847034	-0.89693
1.40703	-0.406654
1.40156	-0.369078
1.4847	-0.453744
1.3497	-0.451335
1.5669	-0.691867
1.56136	-0.58655
0.767312	-0.555842
-0.262387	-0.73022
-0.724727	-0.374107
-0.933815	-0.326505
-0.99703	-0.233923
-0.947336	-0.0213946
-0.642769	-0.293422
-0.510893	-0.325015
-0.485279	-0.445959
-0.48043	-0.493319
-0.465771	-0.694824
-0.404703	-0.492645
-0.468938	-0.601689
-0.269927	-0.4506
-0.257507	-0.731706
0.876573	-0.655385
1.78959	-0.286464
1.82362	-0.208717
1.57934	-0.147147
1.59024	-0.463486
1.48914	-0.59011
1.16395	-0.752691
0.463061	-0.894504
0.112039	-0.503849
0.238328	0.311273
1.11722	0.132198
1.08379	0.210047
0.530666	0.258241
0.311027	0.0526912
0.200954	-0.153424
0.234931	-0.0708151
0.157192	-0.377992
0.0718987	-0.392184
0.0362604	-0.285682
0.248832	-0.361457
0.613269	-0.351914
0.758571	-0.362096
1.00262	-0.487042
1.21514	-0.567207
1.13772	-0.588374
1.01238	-0.55336
1.07302	-0.526584
1.07335	-0.491113
1.11634	-0.238179
0.939982	-0.133851
0.351113	0.52149
-0.234955	0.274915
-0.461931	0.280599
-1.09799	0.345484
-1.23118	0.326578
-0.988196	0.408328
-0.515787	0.193762
0.425278	-0.0197375
0.978855	-0.0198764
1.08205	-0.191644
1.05717	-0.199046
1.16419	-0.0835337
1.20477	-0.144057
0.712624	-0.172683
0.0765717	0.0664659
-0.382624	0.375785
-0.393143	0.307123
-0.176004	0.351045
0.737501	0.193942
1.08816	0.0996885
1.27709	-0.0684388
1.33917	-0.0523742
1.2389	-0.0664881
1.34976	-0.27499
1.28356	-0.345403
1.25103	-0.357502
1.16023	-0.356715
1.08603	-0.287238
1.04404	-0.299016
0.911383	-0.232501
0.915207	-0.161693
1.18593	-0.283877
1.24623	-0.165697
1.47586	-0.231544
1.52877	-0.242277
1.52374	-0.258712
1.46544	-0.348025
1.6237	-0.47203
1.48164	-0.71592
1.36737	-0.74909
1.28323	-0.722722
1.38986	-0.676322
1.42603	-0.446656
1.03722	-0.0191638
-0.236935	0.344162
-0.86515	0.0432553
-0.625305	-0.537147
-0.580198	-0.610623
-0.403814	-0.474383
-0.422028	-0.930949
-0.229232	-0.938085
0.852963	-0.437903
1.91447	-0.323923
1.76761	-0.25745
1.63924	-0.173912
1.20156	-0.154064
0.560394	-0.379106
0.00603503	-0.602127
-0.141041	-0.959077
-0.340697	-1.01757
-0.145266	-0.769734
0.230649	-0.508435
0.309041	-0.453255
0.294676	-0.483625
0.99006	-0.452607
1.05934	-0.378268
1.26653	-0.448464
1.31532	-0.50676
1.24545	0.120854
1.58382	0.061844
1.35766	-0.222963
1.0561	-0.189831
1.1482	-0.237636
1.2968	0.0444551
1.44251	0.168815
1.53519	0.433653
1.60942	0.363691
1.2353	0.398422
1.05015	0.259198
0.62365	0.0780807
0.101764	-0.35737
0.124567	-0.716459
0.051473	-0.812392
-0.0929775	-0.835087
-0.164399	-0.76597
-0.326748	-0.75983
-0.152004	-0.877507
0.19277	-0.910845
0.666704	-0.616997
1.09319	-0.223236
0.919612	-0.34566
0.987913	-0.409382
1.09132	-0.468638
1.15287	-0.588427
1.05837	-0.583697
1.08965	-0.644132
0.961497	-0.598194
0.844374	-0.580474
0.778979	-0.589497
0.768258	-0.610222
0.708523	-0.575673
0.772829	-0.521047
0.825669	-0.558279
0.96237	-0.581234
1.0072	-0.612834
1.09341	-0.531637
1.30582	-0.458832
1.56136	-0.42033
1.57091	-0.456707
1.58065	-0.145123
1.6064	-0.0553407
1.52052	0.185095
1.09414	0.0868032
0.407341	-0.0659691
-0.256842	-0.263012
-0.0133581	-0.59922
-0.197608	-0.707468
-0.38916	-0.786297
-0.272614	-0.826009
-0.25224	-0.660316
-0.366332	-0.769083
-0.154172	-0.968505
0.388953	-0.873528
0.39585	-0.630047
0.0376544	-0.272663
0.671098	-0.0595186
0.392992	-0.266826
0.463396	-0.361341
0.678002	-0.452069
0.761535	-0.474402
0.842226	-0.488169
1.08225	-0.561267
1.3239	-0.60656
1.45186	-0.608004
1.5372	-0.595516
1.62664	-0.569281
1.70151	-0.508838
1.60319	-0.309671
1.42007	-0.185009
1.11726	-0.364123
0.627744	-0.179093
-0.0797405	-0.0695961
-0.535494	-0.0813132
-0.719322	0.126855
-0.87801	0.140057
-0.666125	0.0127658
-0.279548	-0.454169
-0.179937	-0.408271
-0.217868	-0.307734
0.0471307	-0.332101
0.171959	-0.439034
0.205592	-0.315522
0.407912	-0.263903
0.443883	-0.246093
0.00810236	-0.442387
0.397923	-0.363217
0.538583	-0.417186
0.372954	-0.429709
0.288759	-0.278362
0.21533	-0.532152
0.42071	-0.720248
0.729049	-0.340131
1.52512	-0.493842
1.51623	-0.676526
1.3433	-0.681852
1.33023	-0.654647
1.26931	-0.643976
1.21475	-0.589639
1.10706	-0.489532
0.783634	-0.279704
0.505833	0.0430196
0.715585	0.0115147
0.46625	-0.123341
0.636105	-0.263926
0.825359	-0.428885
0.987055	-0.591753
1.13431	-0.559708
1.30741	-0.437131
1.41663	-0.247466
1.45372	0.00758109
1.43065	-0.00599589
1.65204	-0.463701
1.29941	-0.576994
1.21263	-0.577605
1.05251	-0.62389
0.871483	-0.642955
0.857418	-0.654222
0.971635	-1.20119
0.968422	-0.750038
-0.848616	-0.251338
-1.19939	-0.127709
-0.8353	-0.233787
-0.740841	-0.109986
-0.173675	-0.295013
-0.267323	-0.150342
-0.162696	-0.374907
-0.232986	-0.357631
-0.440422	-0.344661
-0.385928	-0.298474
-0.21217	0.263898
0.250131	0.328428
0.60042	0.154436
1.1963	-0.344452
1.21129	-0.237657
1.1462	-0.263824
1.2223	-0.458443
0.91194	-0.442608
1.12668	-0.520252
1.04356	-0.188789
1.25606	-0.459679
1.09081	-0.573489
0.943219	-0.491331
0.795306	-0.44818
0.719381	-0.423597
0.742385	-0.457962
0.797045	-0.500553
0.788431	-0.478034
0.716909	-0.298858
0.550601	-0.22231
0.541522	-0.213514
0.42068	-0.243494
0.0966458	0.037848
0.439522	0.00962567
0.563378	-0.0327095
0.561398	0.00964115
0.732064	0.0353796
1.05312	0.0661817
0.502493	-0.094866
0.076603	-0.577979
-0.130776	-0.668492
-0.164952	-0.380557
-0.00828469	-0.500876
-0.0952492	-0.438848
-0.376928	-0.704748
-0.737973	-0.663182
-0.318738	-0.684612
-0.0502991	-0.67364
0.114369	-0.866847
0.516899	-0.421687
0.306888	-0.348596
0.318072	-0.510473
0.164245	-0.574426
-0.0163724	-1.46586
-0.0360561	-1.18048
1.02493	-0.486015
1.2584	-0.365803
1.28927	-0.156697
1.48795	-0.148685
0.792673	0.0575595
-0.199273	-0.0733544
-0.338232	-0.236391
-0.040078	-0.58229
0.210885	-0.612176
0.224163	-0.524984
0.0936085	-0.236098
-0.0324674	-0.786662
0.615303	-0.623419
1.36921	0.252002
1.48238	0.146144
1.59873	0.236795
1.63994	0.359926
1.7522	0.436413
1.75823	0.191205
1.88	0.220289
1.80843	0.386911
1.92571	0.44961
1.66691	0.494903
1.6443	0.315332
0.712107	-0.454294
0.578613	-0.883917
0.899881	-0.679043
1.85748	-0.199399
2.17258	-0.143535
2.26564	-0.140748
1.84727	-0.710195
1.54966	-0.790905
1.56554	-0.304117
1.55731	-0.160227
1.69992	-0.219791
1.74406	-0.117144
1.68907	0.0511668
1.20029	0.0773234
0.675353	-0.27592
0.424543	-1.04103
0.506931	-1.1023
0.760764	-0.4099
0.4144	-0.282602
0.479717	-0.256207
0.615782	-0.391877
0.623735	-0.43807
0.858714	-0.553319
1.14901	-0.589838
1.33641	-0.479831
0.911053	-0.372494
0.909366	-0.395907
0.861763	-0.444757
0.265192	-0.163683
0.166469	-0.210318
1.12456	-0.431129
1.24231	-0.649072
1.42359	-0.856101
1.50514	-0.79879
1.56027	-0.754218
1.74232	-0.678057
1.83178	-0.522378
1.90125	-0.310901
1.94087	-0.263653
2.03424	-0.0591393
1.9734	0.0445431
1.84914	-0.107842
1.82915	-0.220706
1.52758	-0.0756388
1.28408	-0.0057079
0.799013	-0.457393
1.299	-0.519897
1.29505	-0.613556
1.23277	-0.680529
1.28045	-0.706204
1.31531	-0.707336
1.27895	-0.558917
1.36999	-0.46796
1.38895	-0.353725
1.40602	-0.45748
1.37046	-0.61405
1.38115	-0.664503
1.47246	-0.53334
1.37571	-0.478144
1.44783	-0.499445
1.45959	-0.370235
1.24539	-0.159319
0.951292	-0.164212
0.213019	0.0576883
-0.454556	-0.27434
-0.0250887	-0.514434
0.192763	-0.483532
0.286732	-0.614113
0.205331	-0.486513
0.0648121	-0.322102
0.125974	-0.302022
0.477092	-0.575385
0.607765	-0.683018
0.746349	-0.629872
1.00315	-0.722388
0.682733	-0.556807
0.0685844	-0.483292
0.57228	-0.526905
0.943142	-0.344637
1.48714	-0.611631
1.7943	-0.571345
1.58271	-0.742902
1.52509	-0.837649
1.47541	-0.823366
1.3365	-0.886912
1.30106	-0.815661
1.50727	-0.594028
1.59544	-0.554391
1.8089	-0.53275
1.45118	-0.516191
1.14116	-0.66117
1.17031	-0.616427
0.988553	-0.498869
1.01355	-0.407721
0.901855	-0.469515
0.767513	-0.313658
0.807964	-0.416658
0.108151	-0.450985
-0.11756	-0.715642
0.298	-0.535938
0.363164	-0.55132
0.481026	-0.494712
0.614758	-0.440137
0.691039	-0.584299
0.510399	-0.396963
0.303975	-0.501939
0.230354	-0.337821
0.220202	-0.0578951
0.672122	0.0791681
1.2978	0.323798
1.38482	-0.120539
1.35022	-0.22433
1.24609	-0.130212
1.35223	-0.312902
1.33167	-0.46749
1.43764	-0.611349
1.50659	-0.574705
1.69434	-0.65302
1.71387	-0.742919
1.7695	-0.838874
1.875	-0.757497
1.63725	-1.00926
1.46346	-1.19078
1.55095	-0.707122
1.43035	-0.771443
1.43424	-0.818661
1.35552	-0.811749
1.42166	-0.795049
1.47182	-0.811273
1.51946	-0.760693
1.67342	-0.695599
1.70072	-0.589152
1.47545	-0.470668
1.48945	-0.476042
1.51717	-0.413031
1.54106	-0.334738
1.72421	-0.369953
1.43725	-0.140403
0.89692	-0.226826
0.0631828	-0.194177
0.400079	-0.334553
1.86896	-0.185346
1.71715	-0.552768
1.48261	-0.560028
1.55061	-0.50451
1.52957	-0.314208
1.23442	-0.244249
0.750035	-0.482279
0.195261	-0.454977
0.399431	-0.491124
0.128074	-0.600613
0.167259	-0.642901
0.148228	-0.736208
0.0102388	-0.870542
-0.164768	-0.856437
0.0774696	-0.752507
0.403597	-0.70153
0.806187	0.169179
0.667879	0.258883
0.531956	0.151586
0.469245	0.144561
0.696938	0.0473012
0.921339	-0.110519
1.33606	-0.232876
1.63413	-0.172467
1.79353	-0.0309049
1.60697	0.1691
1.27224	0.454534
1.04544	0.28549
1.27998	-0.307972
0.84383	-0.184882
-0.620847	-0.339702
-0.810215	-0.461002
0.199974	-0.326181
-0.257591	-0.050689
0.431566	0.216665
0.471126	-0.074944
0.384897	-0.0708485
0.514785	-0.112872
0.748289	-0.288415
1.30255	-0.0902917
1.27932	0.000750836
1.28221	-0.272398
1.27363	-0.402629
1.06885	-0.23096
0.861901	-0.446758
0.983964	-0.513771
1.06811	-0.450706
1.4723	-0.555567
1.63053	-0.351944
1.74061	-0.125293
1.94668	-0.565914
1.86666	-0.510418
1.67247	-0.244655
1.72969	-0.221763
1.70232	-0.246654
1.7619	-0.172612
1.58851	-0.376424
1.58036	-0.476507
1.61657	-0.658548
1.60754	-0.664636
1.72068	-0.627262
1.8634	-0.386986
1.8786	-0.232108
1.65051	-0.298993
1.38099	-0.500092
1.42519	-0.335514
0.157847	-0.741833
0.407303	-0.866692
0.576481	-0.393994
1.04475	0.104347
0.830397	-0.0295362
1.13632	-0.276665
1.29865	-0.585602
1.30055	-0.621703
1.2704	-0.699171
1.31506	-0.7437
1.44498	-0.746229
1.51576	-0.69633
1.54993	-0.713673
1.65287	-0.63371
1.71296	-0.480453
1.7665	-0.312298
1.88123	-0.258862
1.52764	-0.191227
1.2362	-0.0862746
0.863472	-0.217532
1.17094	-0.155563
1.56643	-0.00432599
1.70139	0.157819
1.94952	-0.0171649
1.90235	-0.0761492
1.89976	-0.00313503
1.74574	-0.0368751
1.38517	-0.161486
0.797149	-0.583474
0.935206	-0.624544
0.929983	-0.698726
1.66437	-0.744814
1.34415	-0.521664
1.64574	-0.622223
1.85859	-0.54258
1.76298	-0.313878
1.70905	-0.270046
1.61381	-0.225929
1.47813	-0.140005
1.47601	-0.0985113
1.21729	-0.0256188
1.07805	0.0555622
1.21797	-0.171116
1.39459	-0.15349
1.3843	-0.248028
1.25377	-0.283039
1.24937	-0.274173
1.32197	-0.325298
1.17109	-0.430073
1.17994	-0.356906
1.12609	-0.165344
1.11835	-0.101158
1.18804	-0.136837
1.24141	-0.162471
1.16047	-0.197649
1.1439	-0.247799
1.32638	-0.409759
1.50077	-0.54958
1.66388	-0.649152
1.43849	-0.706366
0.660398	-0.153714
1.03158	-0.0193038
1.62931	-0.308454
1.64861	-0.166826
1.29643	-0.145211
1.07488	-0.275016
1.07499	-0.438998
0.940195	-0.329633
0.957561	-0.228199
0.834828	-0.269093
0.59528	-0.177754
0.650845	-0.320009
0.667403	-0.288277
-0.143449	-0.684396
0.103238	-0.538936
0.757184	-0.44547
1.1884	-0.289124
0.845249	-0.398864
0.776101	-0.411766
0.756783	-0.413796
0.786453	-0.359893
0.778198	-0.373886
0.896177	-0.417819
1.00586	-0.389727
0.969001	-0.688068
1.1863	-0.59561
1.2042	-0.179643
1.2819	-0.168324
1.25473	-0.1373
0.79621	0.148595
0.897986	-0.133417
0.408465	-0.140957
0.315926	-0.314996
0.363486	-0.737255
0.228427	-0.74043
1.60504	-0.184159
1.72408	-0.306188
1.53555	-0.459955
1.66338	-0.568064
1.78457	-0.571997
1.78471	-0.471902
1.76908	-0.314661
1.7678	-0.212693
1.53564	-0.291827
1.52162	-0.43426
1.51027	-0.499692
1.43232	-0.539941
1.38145	-0.497941
1.38832	-0.359669
1.37873	-0.205021
1.37801	-0.200956
1.33367	-0.343788
0.915653	-0.392026
0.24447	-0.447607
0.176221	-0.323831
-0.0650405	-0.44885
-0.336583	-0.553981
-0.508371	-0.466171
-0.251888	-0.42172
0.437536	-0.818016
0.525916	-0.795935
0.162183	-0.651942
0.284522	-0.784517
0.266128	-0.810519
0.380947	-0.545853
0.635096	-0.594982
0.869795	-0.783055
1.91058	-0.00605073
1.81421	-0.1163
1.8048	-0.440486
1.95548	-0.522182
2.06026	-0.723782
1.82038	-0.698044
2.04036	-0.832763
1.91218	-0.644742
1.73212	-0.462121
1.97088	-0.316409
1.92865	-0.265681
1.71392	-0.359979
1.78934	-0.504606
2.17766	-0.627091
2.08832	-0.343012
1.71711	-0.191485
1.65433	-0.372964
1.87715	-0.457133
1.68319	-0.298801
2.00983	-0.478796
1.9831	-0.410071
1.95281	-0.323283
2.04163	-0.148809
2.14628	-0.134729
2.09952	-0.0547153
2.1347	-0.101361
2.0399	-0.35505
1.85418	-0.231843
1.94809	-0.211353
1.93606	-0.336772
1.79198	-0.230655
1.54379	-0.24185
1.1041	-0.258164
1.02846	-0.440941
1.11042	-0.22503
1.01735	-0.375883
0.120645	-0.118203
-0.566665	0.0264564
-0.675546	-0.1458
-0.709389	0.0301324
-0.84042	-0.0853973
-0.823267	0.205385
-0.457496	-0.215605
0.0841414	-0.466794
-0.0503232	-0.563021
-0.209694	-0.423674
0.0716577	-0.526098
0.0167016	-0.513772
-0.0717166	-0.374441
0.0886373	-0.42407
0.255475	-0.661127
0.163989	-0.438719
0.173299	-0.32129
0.775576	-0.295285
0.933872	-0.308221
0.766103	-0.302262
0.688257	-0.362412
0.628208	-0.328603
0.703641	-0.4207
0.622573	-0.493385
0.71854	-0.622162
0.591183	-0.658653
0.71221	-0.544692
0.687118	-0.536473
0.643086	-0.784274
0.275207	-1.01534
0.444075	-1.13541
0.920302	-0.765896
0.924195	-0.655725
0.607661	-0.583119
0.59191	-0.446615
0.891951	-0.200711
0.548906	-0.516306
0.582635	-0.654743
0.563256	-0.323617
0.72266	-0.324148
1.00376	-0.258402
1.5648	-0.37447
1.44421	-0.51208
1.40492	-0.462653
1.1754	-0.545055
1.23588	-0.640051
1.28873	-0.610956
1.31377	-0.510723
1.39339	-0.464044
1.60059	-0.377378
1.39414	-0.14006
0.987955	-0.294298
1.17031	-0.170412
0.303961	-0.455432
0.64598	-0.43179
0.799731	-0.293296
0.737142	-0.382265
0.795523	-0.491651
0.898808	-0.519599
1.03995	-0.603947
1.06408	-0.63413
0.96102	-0.594106
0.980114	-0.579973
1.04329	-0.590774
1.18371	-0.639515
1.43529	-0.656595
1.557	-0.419221
1.5054	-0.13978
1.39641	-0.363978
1.42996	-0.56895
1.25556	-0.563631
1.03727	-0.527616
0.60241	-0.681273
0.42028	-0.622718
0.485195	-0.602233
1.60807	-0.426746
1.34713	-0.540799
1.24475	-0.751219
1.11325	-0.87577
0.924312	-0.812953
0.717906	-0.609099
0.718257	-0.480661
1.12049	-0.389823
1.34752	-0.348278
0.883713	-0.48682
0.756929	-0.451211
0.58602	-0.472161
0.473264	-0.485302
0.469327	-0.540437
0.467822	-0.552935
0.464184	-0.458543
0.46049	-0.372237
0.578796	-0.412999
1.1303	-0.295687
1.17838	-0.102771
1.0403	0.218574
1.23922	0.321339
1.39989	0.354717
1.53827	0.117386
1.52547	-0.0107255
1.41313	-0.136726
1.48166	-0.41229
1.50366	-0.445443
1.46012	-0.389877
1.31919	-0.246049
1.37553	-0.119684
1.27247	-0.0729245
1.06266	0.0921744
0.834468	0.328206
0.910556	0.393421
0.786728	0.652804
0.829583	0.584193
0.787752	0.285314
1.26563	-0.138464
1.44901	-0.436042
1.08833	-0.647028
1.20101	-0.600499
1.09981	-0.499915
1.11636	-0.395564
0.579452	-0.0718779
0.373664	-0.842424
0.286185	-0.922353
0.189252	-0.114242
-0.179537	-0.317746
-0.44309	-0.589256
-0.254034	-0.642572
-0.146248	-0.199426
0.254379	-0.483067
0.372692	-0.0716736
0.25174	-0.198985
0.224189	-0.534029
0.190738	-0.726601
0.0786447	-0.868955
0.627057	-0.409461
1.55043	-0.178694
1.36515	0.0224958
1.29444	0.117465
1.21407	0.0964228
1.29423	0.0819039
1.52649	-0.127131
1.46255	-0.113093
0.499212	-0.0749667
-0.426214	-0.433781
-0.92873	-0.663429
-1.04884	-0.446109
-1.19519	-0.351031
-1.17248	-0.488006
-1.23825	-0.530804
-1.39417	-0.488753
-1.15374	-0.651375
-0.841901	-0.578122
-0.67675	-0.501041
-0.31277	-0.682015
-0.0144093	-0.623881
-0.0653649	-0.826797
-0.467077	-0.320724
0.0205724	-0.505139
0.103648	-0.602298
0.339475	-0.524168
-0.0491674	-0.694641
-0.0397359	-0.719525
0.77289	-0.171915
0.590163	-0.374919
0.505262	-0.365907
0.337795	-0.305606
0.216602	-0.24037
0.255865	-0.205739
0.29802	-0.140149
0.329258	-0.0236461
0.39272	-0.0142605
0.4165	-0.0478395
0.726542	-0.173815
1.11108	-0.417871
1.25228	-0.702794
1.25393	-0.627014
1.28201	-0.515344
1.36381	-0.498224
1.13494	-0.466159
0.965408	-0.0111844
0.951152	-0.0998923
0.850869	0.0339279
0.643906	-0.168497
0.884866	-1.03105
0.995523	-1.37622
0.900675	-0.727149
0.883218	-0.57227
0.444821	-0.206605
0.212312	-0.478546
-0.386187	-0.495302
-0.395396	-0.482608
-0.238176	-0.284468
-0.561697	-0.559552
-0.657343	-0.545813
-0.758455	-0.676135
-0.503806	-0.480681
-0.791964	-0.422871
-0.731269	-0.43403
-0.599104	-0.290561
-0.871988	-0.370916
-0.609852	-0.394907
-0.497204	-0.22886
-0.457016	-0.302287
-0.348083	-0.274829
-0.362649	-0.151018
-0.0486515	-0.196399
0.00188049	-0.446289
-0.0543169	-0.245633
0.0466758	-0.496287
-0.0920553	-0.457394
-0.0483125	-0.407881
0.223132	-0.583483
-0.0341457	-0.482625
0.0960088	-0.506322
0.264521	-0.696315
0.143025	-0.469592
0.395038	-0.687687
0.308112	-0.528981
0.357907	-0.60751
0.29569	-0.560314
0.54146	-0.62025
0.577436	-0.706909
0.563946	-1.03555
0.540559	-0.423504
0.452492	-0.386168
0.613864	-0.514567
0.621606	-0.645681
0.493909	-0.666661
0.439356	-0.653915
0.461737	-0.71328
0.391507	-0.534191
0.427613	-0.554626
0.456954	-0.516704
0.555982	-0.40403
0.462809	-0.620111
0.490173	-0.588962
0.329783	-0.527573
0.110001	-0.513945
0.347808	-0.421145
-0.0190387	-0.416595
0.140974	-0.460307
0.195723	-0.535095
0.0633354	-0.588367
-0.0105612	-0.657293
-0.0993053	-0.542359
-0.0374844	-0.63679
-0.137744	-0.484821
-0.118467	-0.727459
-0.0936349	-0.44955
-0.306644	-0.687637
-0.225925	-0.609941
-0.0741379	-0.702257
-0.0315454	-0.787246
-0.242587	-0.652124
-0.151173	-0.678944
-0.00715487	-0.433709
-0.120117	-0.603042
-0.269513	-0.694328
-0.0562828	-0.592293
-0.0639021	-0.786095
-0.0559882	-0.661471
-0.207718	-0.7632
-0.139784	-0.653807
-0.397458	-0.697102
-0.367391	-0.86865
-0.173815	-0.779011
-0.983187	-0.112721
-1.20532	-0.265416
-0.288723	-0.753548
-0.135702	-0.633708
-0.231004	-0.824349
-0.0321341	-0.757864
0.0422581	-0.995502
-0.00914827	-1.11962
0.261535	-0.992785
0.415402	-0.760222
0.402481	-0.653497
0.472122	-0.67609
0.593188	-0.637716
0.737644	-0.188089
1.25301	-0.205395
1.68918	-0.462983
1.28484	-0.195215
1.27407	-0.559644
1.08119	-0.637622
0.992504	-0.803766
1.05978	-0.880056
1.10747	-0.933177
1.04985	-0.776498
1.1837	-0.614838
1.35205	-0.424318
1.6036	-0.421845
1.73517	-0.680004
1.49185	-0.6545
1.39136	-0.605403
1.64026	-0.551573
1.81285	-0.303356
1.949	0.218394
1.68838	0.800681
1.80251	0.729807
1.95745	0.655497
1.78766	0.722994
2.00992	0.505823
2.02762	-0.0576509
1.92864	-0.238801
1.8814	-0.0328574
1.65926	0.0436506
1.6564	0.0120515
1.75949	-0.0694108
1.7575	-0.266143
1.59496	-0.196563
1.21031	-0.226894
0.373097	-0.688689
0.372802	-0.904259
0.378496	-0.724402
1.2245	-0.444822
1.37478	-0.439665
1.24672	-0.633489
1.07347	-0.810682
0.933755	-0.886283
0.903531	-0.962373
0.728701	-0.839041
0.524781	-0.579635
0.465932	-0.368029
0.877108	-0.159202
1.41364	-0.0995987
1.41119	-0.10316
1.46615	-0.0615822
1.46206	-0.0963969
1.72095	-0.268747
1.11277	-0.0415374
0.407808	0.465894
0.133307	0.696921
-0.0133453	0.761061
-0.0940401	0.781703
-0.159292	0.731172
-0.166272	0.704742
-0.146627	0.61245
-0.117909	0.466448
0.00160101	0.273406
0.0255578	0.128565
0.118356	-0.0314793
0.220021	-0.23943
0.229733	-0.342691
0.300315	-0.515385
0.414078	-0.673002
0.487002	-0.675461
0.560643	-0.817701
0.597314	-0.842696
0.567419	-0.803191
0.527597	-0.802723
0.517426	-0.746697
0.408846	-0.679122
0.327383	-0.584601
0.305513	-0.56966
0.258952	-0.501252
0.218704	-0.435565
0.248035	-0.46955
0.250178	-0.463295
0.225211	-0.435456
0.297766	-0.483332
0.309915	-0.504233
0.33053	-0.473896
0.307097	-0.39868
0.323836	-0.341576
0.423744	-0.344473
0.495921	-0.399408
0.471618	-0.306094
0.424027	0.0276621
1.00303	-0.253179
0.759405	-0.24012
0.640892	-0.102393
0.561286	-0.00597191
0.561499	0.0429128
0.641751	-0.0642734
0.707877	-0.0530362
0.912074	-0.207681
0.901726	-0.209897
0.747952	-0.188588
1.02499	-0.500177
1.22805	-0.686854
1.20913	-0.655936
1.2601	-0.833189
1.26261	-0.771844
1.43035	-0.728494
1.40665	-0.745203
1.58552	-0.985271
1.57187	-1.08476
1.51437	-1.01931
1.55957	-0.960017
1.47495	-0.815318
1.39188	-0.742942
1.50469	-0.484981
1.53578	-0.480988
1.43592	-0.670849
1.14541	-0.540517
1.11604	-0.602182
1.094	-0.516904
0.882445	-0.549636
0.781491	-0.408572
0.519875	-0.389692
0.261658	-0.28797
0.259085	-0.276067
0.312296	-0.275306
0.350738	-0.304764
0.440947	-0.378573
0.509073	-0.437865
0.556148	-0.38887
0.641334	-0.3425
0.670619	-0.302179
0.768173	-0.180389
0.959902	-0.30595
1.01768	-0.344631
0.971769	-0.138785
0.0265642	0.0660294
0.18471	-0.168778
0.196314	-0.0163303
0.157478	0.00495328
0.366917	-0.211831
0.32243	-0.299903
0.508541	-0.324167
0.274573	-0.375374
0.496073	-0.3154
0.755097	-0.286895
0.665061	-0.460726
0.729941	-0.492272
0.594151	-0.457088
0.651067	-0.461824
0.708853	-0.510001
0.55843	-0.44205
0.333885	-0.322711
-0.560715	-0.569313
0.000253692	-0.404131
0.492686	-0.348674
0.390022	-0.333033
0.0805017	-0.290264
0.552522	-0.202395
0.536224	-0.271459
0.624675	-0.169475
0.648391	-0.383192
0.5688	-0.30271
0.401851	-0.235496
0.365789	-0.238453
0.56969	-0.577618
0.560923	-0.615775
-0.40343	-0.600958
-0.774022	-0.842321
-0.442454	-0.576931
0.0730211	-0.401707
-0.059503	-0.674466
-0.00128171	-0.441916
-0.104045	-0.450921
-0.152153	-0.587633
-0.178216	-0.439125
-0.298039	-0.532481
-0.0503506	-0.880784
-0.177616	-1.01205
-0.163064	-0.935219
-0.0521631	-0.8117
0.153863	-0.754856
1.08701	-0.7696
1.91143	-0.864722
1.70887	-1.15368
1.58237	-1.29606
1.5468	-1.35202
1.46213	-1.13012
1.09651	-1.16233
0.875478	-0.89148
0.830394	-0.830078
0.834771	-0.814112
0.869503	-0.897554
0.883825	-0.873112
0.782769	-0.888606
0.929193	-0.904574
0.991952	-0.979337
1.20127	-0.910774
1.41198	-0.761176
1.62049	-0.593334
1.58446	-0.618422
1.61456	-0.569374
1.54658	-0.472916
1.69879	-0.396873
1.49573	-0.200951
1.69677	-0.352611
1.73186	-0.15161
1.62756	-0.103201
1.70946	-0.0181984
1.29283	0.0549937
0.60043	-0.399682
-0.114404	-0.0294756
-0.565153	-0.411849
-0.290227	-0.44522
0.133887	-0.422575
-0.295616	-0.426134
-0.347613	-0.39977
0.661964	-0.215751
0.380761	-0.16699
0.198982	-0.737226
0.259703	-0.641598
0.285913	-0.512542
0.194869	-0.443453
0.528531	-0.452457
0.445949	-0.434723
0.453685	-0.556971
0.409996	-0.563355
0.426981	-0.549925
0.412634	-0.629202
-0.110672	-0.441837
0.248347	-0.638971
0.427664	-0.414656
0.623114	-0.381155
0.696918	-0.360594
0.855967	-0.697681
0.66555	-0.619676
0.864834	-0.519087
0.688951	-0.497185
0.680536	-0.706898
0.654353	-0.600863
0.668947	-0.549725
0.294693	-0.363755
0.855809	-0.398481
0.776515	-0.55892
0.88434	-0.540054
0.623851	-0.40333
0.442762	-0.314367
0.413376	-0.196871
0.461994	-0.39269
0.51866	-0.391279
0.571651	-0.332497
0.597071	-0.232886
0.416403	-0.291297
0.552952	-0.325517
0.539242	-0.291764
0.556759	-0.264064
0.36886	-0.293352
0.566102	-0.686595
0.333645	-0.760605
0.0865522	-0.842237
0.387014	-0.651559
0.456676	-0.609978
0.168007	-0.682332
0.46902	-0.691921
0.267345	-0.540075
0.332916	-0.58069
0.241471	-0.738588
0.390872	-0.605539
0.229621	-0.7358
0.287865	-0.572604
0.425538	-0.748049
0.339703	-0.768741
0.435814	-0.677309
0.524508	-0.661347
0.387364	-0.650054
0.365058	-0.639742
0.281529	-0.678134
0.230187	-0.8352
0.101219	-1.05411
0.0549948	-0.923073
0.20544	-0.926107
0.754525	-0.985313
0.865654	-1.06486
1.07521	-0.97616
0.825881	-0.598958
0.773187	-0.26981
1.00086	-0.516756
0.912583	-0.72331
0.648774	-0.311228
1.08457	-0.0976019
1.37675	-0.173202
1.27183	-0.135874
1.02585	-0.0238275
0.767422	0.130137
1.22229	0.0669348
1.55012	-0.234365
1.49071	-0.453745
1.32292	-0.491021
1.23219	-0.60597
1.27961	-0.662182
1.33904	-0.68279
1.31716	-0.685304
1.36363	-0.617861
1.41864	-0.496992
0.891653	-0.0105528
0.144557	0.278539
0.271846	0.384977
-0.171188	0.572857
-0.403532	0.475256
-0.346599	0.74581
-0.301995	0.628509
-0.380915	0.362801
0.368223	0.388435
0.924164	-0.0825567
1.47353	-0.490606
1.38327	-0.669809
1.22235	-0.586419
1.58351	-0.767056
1.88159	-0.777502
1.93391	-0.472387
1.30295	-0.353891
1.01022	-0.543588
0.967578	-0.511924
0.948177	-0.403968
0.948399	-0.38964
1.02143	-0.279924
0.839921	-0.463093
1.08206	-0.317724
1.64734	-0.126641
2.03403	0.49442
1.92743	0.54333
1.95824	0.308007
2.0928	-0.221237
2.21392	-0.435257
1.98474	-0.498117
1.74114	-0.511567
1.87761	-0.755222
1.67313	-0.706907
1.11683	-0.996363
1.08435	-0.801374
0.993143	-0.404082
0.609969	-0.211522
0.0816521	0.0853752
-0.101187	-0.177946
-0.316326	0.0655217
-0.138842	0.067572
0.696246	-0.0858292
1.64126	-0.312222
1.57535	-0.468911
1.37257	-0.581034
1.2314	-0.741207
1.16837	-0.847886
1.14371	-0.881666
1.1954	-0.91934
1.20536	-0.880507
1.16841	-0.766055
1.2796	-0.66502
1.49283	-0.603897
1.64864	-0.421115
1.78923	-0.351104
1.77571	-0.255123
1.80364	-0.339938
1.65465	-0.326949
1.48521	-0.338308
1.47456	-0.462207
1.44645	-0.482701
1.47965	-0.494257
1.57779	-0.49639
1.58052	-0.492014
1.4875	-0.493274
1.80856	-0.197719
1.74136	-0.173101
1.92813	-0.15673
1.94525	-0.0963481
1.36744	0.336883
0.651108	0.443978
0.433881	0.468065
0.302296	0.201179
0.414549	0.0432814
0.0939791	-0.250662
0.183963	-0.186087
0.39721	-0.158634
0.79429	-0.249767
0.989498	-0.246752
0.690485	-0.21372
0.805488	-0.0979403
1.00866	0.064735
0.964317	-0.0705109
0.640344	-0.151102
0.711893	-0.307332
0.788689	-0.448532
0.949449	-0.549995
1.1062	-0.628268
1.31645	-0.729191
1.36928	-0.671317
1.46374	-0.487755
1.49758	-0.390852
1.45351	-0.390595
1.15743	0.0967989
0.848497	-0.333773
0.269416	-0.210209
0.0684009	-0.121885
0.0409984	-0.291704
0.168087	-0.127322
0.219107	0.107322
-0.0157482	-0.0456147
0.471611	-0.454399
1.23726	-0.228689
1.65008	-0.375194
1.68393	-0.478597
1.5238	-0.434211
1.55506	-0.43019
1.63797	-0.439437
1.28733	-0.397159
0.806356	-0.532956
0.538722	-0.495988
0.573876	-0.544079
0.526145	-0.597213
0.580245	-0.63574
0.5835	-0.688636
0.660305	-0.75686
0.817287	-0.844026
0.942365	-0.868389
1.02902	-0.873193
1.16366	-0.845105
1.24074	-0.724291
1.34791	-0.577425
1.53487	-0.459271
1.51543	-0.601919
1.30413	-0.643164
1.19627	-0.608654
1.24142	-0.574168
1.24651	-0.5279
1.24617	-0.49751
1.3428	-0.506152
1.47952	-0.434819
1.44086	-0.396185
1.24445	-0.554237
1.15206	-0.472411
0.70405	-0.0865805
0.316229	-0.317306
0.954886	-0.278212
1.09204	-0.619731
1.13788	-0.666941
1.22016	-0.670548
1.22439	-0.660286
1.35898	-0.643516
1.5097	-0.562181
1.54496	-0.354732
0.580195	0.417044
0.0847789	0.51435
0.196058	0.13967
0.34001	-0.148085
0.455987	-0.434835
0.418541	-0.304705
0.602954	-0.268982
0.233638	-0.392695
-0.20399	-0.527801
0.155443	-0.606302
0.959998	-0.767469
1.34895	-0.601791
1.36634	-0.771559
1.40147	-0.791653
1.32496	-0.64334
1.43717	-0.506513
1.60778	-0.483805
1.64895	-0.494776
1.1967	-0.37014
0.624236	-0.485671
1.00922	-0.325056
0.532689	-0.440555
0.523833	-0.634508
0.825693	-0.815597
0.487369	-0.928656
0.300253	-0.484093
1.50527	-0.514992
1.51066	-0.475367
0.881338	-0.125145
0.627772	0.320318
1.30882	-0.449682
1.35592	-0.723866
1.28394	-0.769893
1.17776	-0.784536
1.01612	-0.735557
0.893652	-0.594303
0.843561	-0.537166
0.754539	-0.456292
0.890186	-0.537979
1.13859	-0.603504
1.33796	-0.451198
1.63272	-0.278967
1.88331	-0.0935306
2.03231	0.00523637
2.05113	0.172535
2.25249	0.161223
2.14922	0.284186
2.03093	-0.0950663
2.00365	0.366826
1.99597	0.255944
1.81285	0.201806
1.69084	0.153575
1.68556	-0.068759
1.53534	-0.114054
1.40577	0.00703383
1.22714	-0.100772
1.21129	-0.33244
0.84797	-0.554156
0.721603	-0.482332
0.54636	-0.414769
0.819883	-0.321647
0.787566	-0.44986
0.691767	-0.451039
0.654611	-0.455579
0.588693	-0.507335
0.858036	-0.273725
0.5969	-0.497469
0.66187	-0.516268
0.638595	-0.421012
0.724179	-0.371845
0.650999	-0.525845
0.689293	-0.330903
0.739474	-0.591515
0.633891	-0.622022
0.634539	-0.577784
0.719415	-0.557255
0.791872	-0.490047
0.63263	-0.378623
