-14.3643	1.81522
-15.1103	-4.12936
-12.165	1.44023
-15.6707	-4.05143
-10.3201	-1.83487
-13.1651	-8.28763
-12.0752	-5.60982
-13.52	-2.77334
-13.3802	-1.65049
-10.0129	-4.59908
-8.57317	-3.98684
-8.39855	-3.38894
-11.6965	-4.04764
-12.5049	-7.55306
-12.5708	-6.84385
-11.3	-8.75163
-11.79	-9.65235
-13.9483	-6.77216
-10.64	-4.24112
-8.09393	-3.94954
-8.88678	-4.08214
-7.74274	-6.92431
-8.85761	-5.84984
-9.21922	-6.08327
-11.1446	-7.45395
-9.26964	-3.77479
-10.8387	-7.60778
-9.92482	-4.84817
-10.3499	-7.47505
-9.90184	-5.86606
-9.5723	-6.85177
-11.8964	-4.81394
-11.3273	-8.4708
-14.0781	-8.22808
-11.9755	-10.0273
-9.84062	-6.60675
-9.25448	0.0460913
-10.443	-3.74009
-11.6965	0.137355
-13.4472	2.50039
-8.95823	2.24832
-13.3245	2.19176
-12.2311	-2.74184
-10.745	-5.39119
-10.2343	-1.38669
-11.8059	-1.65647
-12.0796	-1.38549
-7.20656	-6.43358
-7.64602	-0.797514
-3.3015	-2.95228
-7.63793	-7.43775
-8.94388	-7.26088
-7.34881	-6.10716
-6.55767	-4.33885
-5.60646	-0.297609
-3.51172	2.92579
0.025527	6.16209
-2.64809	4.91417
-1.50865	2.98804
-6.71682	-4.01531
-10.0831	-11.3806
5.2612	-4.79113
4.80166	-7.61724
6.297	-8.38761
8.29009	-8.31356
8.86707	-4.81349
9.04914	-3.33788
7.22509	1.99834
-0.432822	7.35453
-2.11574	2.79379
-9.10957	1.37139
-9.84946	-3.17176
-11.8982	-3.14295
-14.4145	-5.73455
-12.0379	-2.14617
-9.57319	-8.12713
-8.35097	-4.70694
-9.776	-2.31183
-8.13076	-4.4363
-10.8393	-1.80733
-10.3242	-7.30711
-13.6564	-11.1296
-13.3736	-11.9693
-12.6495	-13.0053
-12.4958	-12.2757
-12.7407	-13.8876
-15.0556	-15.6556
-15.7018	-14.0011
-16.1009	-13.4273
-15.752	-12.582
-19.0511	-12.3314
-17.2128	-6.30654
-10.7711	-3.36936
-10.136	-4.6263
-13.3543	-9.29625
-12.4058	-7.77542
-13.1465	-8.09164
-13.4948	-6.53725
-11.5355	-8.15866
-12.7588	-2.35986
-9.69875	-1.68765
-5.80167	2.23027
-3.82377	5.50231
-4.76634	6.24666
-6.70184	7.08557
-7.18134	7.77186
-9.16957	7.03711
-11.281	0.663331
-10.0573	-1.33064
-9.13065	-3.17685
-8.71165	-4.06434
-10.3389	-0.996126
-8.02975	3.8098
-0.264064	5.11338
0.21653	2.3709
-0.301878	2.96763
0.0105612	2.06349
2.23748	-2.0083
-3.63799	-2.08668
-4.64684	-2.23323
-6.81604	-2.51617
-13.2454	-4.02128
-8.75803	-9.08064
-2.65857	-4.50494
-10.6398	-8.49416
-13.8221	-4.81798
-13.5208	-1.62193
-7.43515	0.873014
-7.95545	4.97668
-4.01624	3.58823
-4.56486	3.93475
-5.16523	2.93244
-7.0624	4.08917
-17.3382	1.66403
-18.7234	-2.25738
-17.5976	-7.11506
-14.8636	-11.411
-15.4459	-11.9798
-13.7228	-12.3335
-12.5545	-12.7489
-11.573	-12.7808
-10.698	-16.4625
-10.9312	-19.1906
-14.7978	-19.2764
-17.6883	-20.1954
-20.5986	-18.3855
-22.8787	-14.6691
-22.1339	-10.0395
-20.6902	-8.02329
-18.6643	-5.80771
-15.1417	-5.03465
-9.90549	-8.068
-4.98982	-8.54274
-5.12776	1.60166
-4.97041	1.98154
-5.29549	0.997504
-4.06576	0.249664
-1.62255	-5.26033
-1.79569	-5.60443
-0.17762	-11.1775
0.0569401	-10.7613
-1.20352	-9.07332
-0.595133	-3.97503
-1.78528	4.54721
-2.88273	3.68891
-3.37732	5.9116
-3.94277	4.80996
-6.05431	-0.753128
-4.47686	1.09026
-8.86778	0.306745
-12.2718	-4.11852
-13.0674	-1.7939
-10.735	0.0960126
-12.6102	-1.73232
-8.90681	0.861908
-11.2148	-1.71578
-11.3299	-1.24405
-3.74145	2.86061
4.31117	-2.84671
3.65257	-4.56691
8.14896	-5.0588
7.77812	0.726233
1.00685	2.36809
1.18647	3.31026
-0.0555651	1.22438
-3.50638	3.84704
-6.18826	6.15491
-10.7693	1.10366
-12.1307	-3.25361
-12.6149	-2.91894
-11.2201	-5.79889
-11.7013	-8.14128
-6.23173	-5.66021
-10.3814	-2.79925
-11.5604	-9.69
-4.01205	-5.69632
-7.94656	-6.0459
-12.9449	-6.51149
-14.8421	-5.8248
-15.5026	-5.75639
-17.7259	-6.71386
-20.6124	-9.12472
-23.7874	-6.21506
-22.8268	-10.448
-22.5353	-11.5798
-23.6822	-12.6493
-23.2659	-13.4291
-21.9543	-15.0193
-19.7264	-15.6189
-19.3317	-11.5378
-22.506	-15.4949
-19.3925	-9.65775
-17.3435	-11.2688
-14.2438	-8.21336
-12.8978	-8.24151
-12.5779	-0.566619
-11.4824	2.65316
-11.6665	-0.433351
-10.6012	-3.50308
-13.0329	-2.84043
-11.587	-1.4194
-11.0121	-4.29298
-12.1178	-2.88682
-8.51642	-0.972217
-11.4659	-1.78447
-9.73616	-2.4902
-11.7583	-4.48004
-10.7359	-1.56562
-11.6101	-1.32991
-10.9681	2.01169
-12.313	-1.40564
-14.1883	-0.00643763
-10.522	-3.78735
-7.86934	1.65504
-13.9989	-1.89602
-10.6509	2.42266
-14.1399	-1.7492
-13.8908	0.155037
-11.8206	-1.00514
-10.2864	0.38571
-9.26001	-4.51286
-9.89324	-5.02469
-8.67375	-6.91458
-7.20576	-4.82626
-8.62336	-6.20661
-7.27651	-4.99322
-7.66183	-6.45823
-7.75126	-7.39362
-6.16859	-8.82955
-7.57306	-11.4268
-5.79308	-8.57346
-5.71523	-12.2951
-6.16655	-7.46031
-5.33147	-9.45601
-6.17044	-8.21011
-3.59093	-7.19866
-8.8742	-11.7547
-5.98436	-9.05041
-4.71912	-6.70786
-5.97332	-6.61531
-10.1261	-8.24316
-6.25162	-8.55301
-9.32683	-6.50674
-7.08577	-9.31506
-10.4849	-11.3713
-9.46767	-9.6856
-10.104	-12.1263
-4.95401	-5.54752
-9.89413	-10.8596
-9.98639	-6.474
-11.2154	-5.12459
-11.8253	-5.03123
-13.866	-1.69177
-13.5029	-6.971
-8.57498	-0.223669
-13.1226	-6.59034
-14.2412	-8.91517
-13.5555	-7.96234
-16.2848	-12.3718
-15.3089	-4.46239
-13.577	-8.48221
-13.36	-5.91454
-13.1283	-7.55004
-12.269	-10.7439
-11.7709	-6.07599
-12.0337	-2.12428
-13.623	-8.25775
-12.896	-5.82667
-12.68	-4.77931
-9.53162	-6.57148
-1.51735	-2.04149
-1.08892	-4.98548
1.69472	-5.90297
2.74556	-9.21816
3.69794	-10.5798
5.10203	-10.6175
5.26318	-11.2667
7.29507	-10.9161
6.83203	-10.6026
6.56456	-10.6341
5.9183	-10.489
3.76583	-10.2762
2.72647	-10.0888
1.3404	-8.11063
-0.882585	-6.63361
-7.11333	-5.04611
-9.99223	-5.19673
-11.3106	-5.14473
-11.237	-12.2484
-11.2079	-18.1302
-11.2342	-19.2985
-11.3268	-17.8746
-10.3608	-21.4534
-12.6948	-20.3159
-15.8589	-15.3336
-17.7815	-14.3342
-18.3006	-10.1269
-16.1673	-7.71458
-11.799	-5.18743
-7.29003	-7.13758
-5.75957	-7.24502
-5.30214	0.60936
-3.09554	-0.653567
-4.79673	1.53718
-4.43359	-0.271102
-2.51955	-1.31588
-2.07488	-0.555809
-2.19548	-0.106495
-3.40771	-4.7522
-5.3091	-7.37526
-6.37148	-8.01024
-5.31021	-8.08697
-4.57421	-7.77433
-2.13721	-6.49754
1.44199	-6.91927
4.0729	-8.21633
5.08339	-3.36561
4.57924	-1.95943
1.17988	-1.93758
4.94965	-4.69723
6.20286	-2.77991
0.250952	-1.79124
1.13527	-4.19507
0.827753	-6.56574
1.64248	-4.90591
1.19206	-3.00192
0.87193	0.547794
1.07311	4.89458
0.241852	1.37536
-0.132341	-0.215546
-0.806858	0.500321
-0.970776	0.0702527
-0.0689718	0.376518
-1.16797	0.00376559
-2.44612	3.28455
-1.64406	1.70206
-2.84658	0.639354
-2.21283	3.13598
-5.93948	4.03592
-3.40911	4.95928
-6.04137	2.55445
-12.9922	-4.13994
-8.36473	0.13637
-6.49592	-1.52941
-5.06952	-5.10827
-4.41909	-7.48037
-4.54179	-8.5361
-4.36085	-8.25765
-2.70268	-9.55887
-3.13756	-8.67754
-2.53835	-9.45671
-2.04572	-9.20715
-2.45723	-9.21583
-2.02636	-9.19103
-3.29948	-8.21056
-4.05579	-6.47882
-3.28476	-6.92775
-1.50898	-7.17589
0.371008	-3.37871
-1.27716	-0.405694
-0.544917	-1.46233
-1.4104	-0.274639
-0.369488	-5.781
0.307716	-2.46049
-0.0704272	0.755379
-1.38455	4.34125
-6.76806	0.899113
-6.75259	-2.25674
-3.85787	-5.13105
-4.03141	-6.22818
-8.5751	-3.32759
-6.62917	-3.37897
-9.62954	-4.09712
-2.27376	-5.74101
-9.32572	-9.24699
-8.84959	-7.97121
-9.28365	-8.26271
-9.85296	-5.20366
-11.1406	-5.15971
-13.2419	-2.80272
-12.96	-1.88126
-11.4281	1.38246
-8.36877	5.67534
-7.30659	7.50512
-5.73058	4.33793
-5.24702	4.66282
-4.50286	2.7111
-3.01939	1.72917
-2.90185	1.7477
0.187792	1.54992
4.06804	3.0377
-0.0879572	-4.6978
-2.399	-1.45966
4.24478	-3.31837
5.88666	-4.77072
6.42516	-5.37622
6.66415	-5.31148
4.96265	-4.01247
4.4126	-0.801847
1.79886	2.27394
2.61209	1.89923
0.815533	1.13302
0.109868	0.685863
-1.3229	2.01941
-4.90493	3.13147
-2.96417	0.0898179
-1.55282	0.459446
-1.93507	-2.40701
0.455109	-2.37231
1.3672	-6.03416
1.43954	-5.04308
1.82118	-4.42414
-5.86581	2.90427
-15.7371	-1.87616
-13.0194	-6.34827
-11.3721	-12.8814
-9.7039	-13.6283
-12.2236	-6.94242
-11.0455	-3.16235
-8.53542	-4.57303
-5.66144	-7.63089
-1.98146	-10.2736
-1.6405	-11.4832
-3.12757	-7.42507
-2.29885	-2.61649
-3.30651	-7.26733
2.67769	-3.31698
-0.868015	-5.52756
0.791394	-1.07888
-4.34536	-4.3966
-4.86967	-2.82803
-15.1896	-5.47759
-10.3434	-9.59508
-4.20099	-9.81507
-6.89368	-10.616
-9.39332	-4.21241
-10.8544	-7.61923
-7.43974	-4.57503
0.588557	-2.43561
1.86522	-2.22613
2.57968	-5.93982
0.909874	-8.51084
-0.429009	-6.71141
-0.585831	-1.77592
-2.26421	0.505674
-3.35496	1.2896
-5.56685	-5.68176
-8.21008	-5.35057
-11.6154	-5.30484
-12.1711	-6.50091
-13.571	-6.41702
-12.9077	-2.97083
-6.53359	2.19127
-5.11636	5.49618
-5.84565	1.52264
-11.5	-2.52784
-8.72367	-7.05773
-12.8603	-3.82361
-17.8461	-5.47109
-14.3007	-1.0778
-13.1854	0.408514
-8.31125	10.3093
-6.78526	7.5397
-5.78152	6.50437
-5.7865	3.42585
-4.76195	1.72921
-2.71501	3.37441
-6.07044	-3.66054
-12.0286	-4.21074
-9.18132	-6.08023
-12.0564	-6.53943
-12.203	-5.13253
-9.35582	-4.7233
-8.82985	-7.11749
-10.0518	-5.56059
-9.68082	-4.79663
-9.21015	-4.47647
-8.93162	-3.62369
-8.0572	-2.28828
-5.76176	2.19237
-2.75608	4.44782
-3.09678	3.75028
-1.26115	2.60469
-0.00699931	0.0213116
0.46093	1.49024
0.556491	2.16056
1.45461	0.851608
2.26048	2.60839
1.50726	2.41299
3.45328	-0.164853
2.36239	1.37628
1.27257	1.1635
-12.6011	-10.3043
-10.0796	-12.9206
-0.51982	-12.0916
-4.98455	-5.00432
-3.58917	-7.92452
-5.11914	-10.0266
-1.9877	-9.7427
-6.15768	-4.39426
-6.46537	-5.08838
-6.82226	-2.92441
-7.25795	-7.01957
-7.33823	-9.12771
-9.71949	-6.67624
-7.31329	-6.44063
-5.83143	-8.07883
-6.74224	-9.41819
-1.48119	-16.9779
-6.94621	-13.2513
-7.79276	-7.77085
-9.19492	-8.78212
-6.42115	-6.16292
-2.54211	-7.24793
-1.92186	-10.4899
-7.09975	-9.95586
-7.30574	-7.14808
-5.72772	2.73458
-8.29482	-0.811803
-8.76332	-8.00741
-12.4181	-3.21976
-11.4897	-7.6985
-9.22107	-2.78386
-11.6797	-10.1869
-9.06581	-9.78934
-17.8724	0.425901
-16.3512	-6.66204
-13.9816	-7.29726
-11.8901	-3.45382
-14.2303	-2.20265
-15.4662	-5.51131
-14.9284	-0.278576
-15.7992	-2.68698
-14.3013	0.578378
-18.0699	-2.14293
-16.8701	-2.81693
-16.8554	-6.63393
-13.7862	1.10223
-16.7304	0.545129
-12.0587	-2.71035
-9.56737	-0.483555
-10.2447	-1.28161
-8.82358	1.54773
-8.76838	3.84577
-7.0828	4.25003
-6.02504	9.56466
-5.51422	7.90859
-3.46342	7.67917
-4.57039	7.12427
-5.63302	9.45862
-7.95523	3.31879
-8.06316	1.08243
-8.77054	0.29857
-9.67495	2.07074
-9.1787	3.62179
-8.43519	5.58965
-7.26573	8.32318
-2.72696	6.86366
-0.610649	3.87098
2.87049	-0.83039
2.66159	-0.584047
4.52666	-2.78872
5.11453	-2.13442
4.21395	-1.48827
3.72369	1.62756
2.83745	4.98062
-1.71931	4.16797
-2.45751	1.20083
-0.796177	-0.771266
-1.69238	0.685058
-1.21212	6.74761
-1.57604	2.88625
-3.59889	2.6866
-7.52087	-2.72868
-14.8059	-8.56457
-16.0673	-5.47264
-16.3292	-5.86532
-2.66659	3.03635
-6.9871	-2.79557
-9.34688	-4.83396
-9.64837	-5.55152
-10.4463	-7.72498
-10.5522	-10.0866
-12.9367	-9.55269
-14.9112	-9.65883
-16.9835	-10.6905
-16.5164	-9.645
-16.8767	-13.5426
-15.9285	-7.39967
-13.6225	-3.47045
-16.1749	-4.95507
-17.2431	-9.14368
-17.5059	-8.17219
-14.7812	-7.59057
-21.5963	-1.28107
-13.536	4.65326
-14.0432	-4.43901
-16.4888	-7.31355
-16.5698	-8.77125
-16.6603	-7.9353
-17.7923	-6.87717
-17.2912	-6.48818
-18.6046	-6.75468
-17.8296	-7.10124
-20.2778	-5.75595
-19.0201	-7.09072
-18.7748	-7.2833
-18.3361	-6.95611
-18.9364	-5.83171
-18.6148	-4.86401
-17.9985	-6.01583
-19.4182	-6.58603
-21.3412	-7.61445
-22.6383	-5.92427
-23.5295	-5.92373
-23.171	-5.83886
-23.6091	-4.24057
-22.7489	-3.86234
-21.3419	-4.09176
-20.9424	-2.46169
-19.135	-1.47406
-18.4235	-1.55109
-18.5779	-3.39063
-20.315	-1.72992
-19.9676	-2.85261
-20.0597	-3.53347
-19.2962	-4.22766
-19.1445	-5.87828
-17.9901	-6.56276
-15.8401	-7.20704
-15.8024	-5.86456
-15.4378	-4.88773
-16.3382	-5.42617
-15.6861	-7.85213
-15.5823	-8.88155
-15.482	-7.94194
-15.1235	-7.11729
-13.6497	-6.84854
-11.3748	-4.89841
-10.2115	-3.06896
-2.80976	-5.90598
-1.90893	-3.70851
-4.00757	-1.30872
-12.2187	-8.76473
-11.2612	-9.75224
-12.2172	-5.76388
-9.68241	-4.00779
-10.728	0.0852365
-2.57152	1.67311
-4.26226	5.18202
-4.70731	5.81829
-4.99797	5.93321
-7.27576	6.31662
-8.20278	0.572626
-5.18378	-3.85047
-3.59977	-5.20316
-3.12764	-3.75111
-2.87884	-1.58093
-3.53204	1.35852
0.391453	-0.387278
2.42524	-3.09112
2.75889	0.298795
3.55908	-5.64364
-4.19894	2.36078
-2.74641	5.08244
4.42261	-1.61261
-6.37146	1.73711
-12.1039	2.31834
-12.8605	3.03558
-7.99447	-3.70054
-11.1844	-6.16239
-10.5149	-10.2888
-5.40104	-7.35833
3.71746	1.50311
2.62266	2.30177
3.63181	1.70782
3.06153	1.17721
1.26026	-0.756726
-1.09227	-2.76451
-3.29424	-1.78557
-5.3338	-2.88487
-8.41174	-2.14013
-8.42292	-2.86977
-9.4658	-3.27684
-8.87484	-3.54787
-9.43292	-2.09493
-7.41947	-1.08661
-4.71345	-1.04824
-0.0163683	-2.34722
2.19988	-4.16288
3.21118	-4.1972
-1.23197	0.360592
-4.86529	4.16856
-3.23307	4.07758
-3.13004	2.57925
-3.64932	3.69747
-3.47947	4.0919
-2.92594	4.63289
-1.39372	3.93328
0.821312	2.94947
0.984775	4.87471
-0.664239	8.5826
1.41979	9.90966
-1.29861	9.09499
-1.58955	9.21126
-3.04168	8.11611
-4.8847	8.15822
-5.44447	6.54225
-4.85943	1.22273
-4.87657	0.124203
-11.0015	-2.80564
-12.8036	-4.61112
-7.66656	2.0476
-10.5943	3.50698
-10.3934	0.776251
-8.54282	0.225629
-5.07027	4.74512
-9.67695	-1.24974
-10.3028	-2.00375
-7.64973	1.1808
-10.2051	-2.73849
-8.94036	-1.67459
-9.71938	1.13133
-11.7774	-1.79132
-12.3727	0.850543
-11.747	-0.651971
-11.5809	0.938563
-12.6164	-4.88307
-13.6469	-2.49765
-13.6143	-3.44282
-12.8619	-3.45626
-11.7206	-0.694326
-12.0858	-3.12262
-10.6782	-2.98907
-12.5726	-2.4485
-13.2278	-1.09351
-14.6899	-4.44847
-11.0808	-0.724143
-11.9611	-0.0437827
-15.1892	-5.398
-12.5067	-5.37948
-11.3205	-2.91405
-8.32445	-1.27113
-11.9937	-4.46085
-13.4497	-3.26585
-10.8732	-4.97131
-12.3266	-6.48704
-11.9333	-7.05983
-11.409	-1.87495
-15.0273	-3.33829
-14.8717	-2.26467
-13.5698	-3.99189
-12.9556	1.35015
-16.1016	-2.42186
-16.4829	-2.19327
-17.9315	-3.50661
-15.5335	-0.274531
-17.3011	-1.75918
-15.3711	-0.209103
-17.3712	2.32857
-18.5717	-0.0418382
-20.5852	-1.14071
-19.4949	-0.879382
-12.5246	-0.783072
-9.2838	-1.41344
-8.60361	-2.34921
-8.17179	2.21933
-9.47991	2.20166
-12.637	-0.277541
-14.8989	0.475098
-15.5278	-0.417157
-24.0718	-3.40162
-24.4601	-1.97106
-16.0357	5.98983
-22.9088	-2.83118
-25.6554	-1.18069
-27.1406	0.887388
-24.725	-2.6644
-22.0462	-3.52554
-18.8406	-4.90662
-17.3156	-5.33704
-15.0905	-5.06505
-11.4796	-1.35403
-10.4923	-0.56014
-6.58822	4.06886
-6.82896	-0.882928
-6.9552	-2.94238
-8.42053	-2.96018
-8.33649	0.128754
-6.77315	1.45287
-7.48031	4.8235
-5.0693	0.484384
-4.24519	2.81635
-3.79682	0.831202
-5.1595	1.4539
-11.3685	-0.604286
-9.41528	-6.76843
-8.26933	-13.7577
-7.42007	-15.1968
-6.96434	-18.1411
-8.31457	-15.5752
-8.22682	-11.6113
-8.84679	-6.52314
-5.23548	5.57
-6.50147	6.83026
-8.46949	-5.65262
-2.46153	-3.69092
-0.0282179	-8.27728
-1.29064	-11.8694
-5.05913	-12.2894
-5.06507	-12.6846
-6.01217	-9.87391
-6.2558	-7.57067
-4.89354	-6.40731
-5.93103	-12.0383
-6.84584	-7.74158
-5.07268	-3.93266
-0.822573	-1.1524
-0.470935	-10.2853
1.05486	-8.9519
-3.36037	-9.67192
-6.05033	-13.9128
-13.2629	-10.4189
-15.1383	-11.5952
-17.3448	-9.82136
-19.2781	-6.78357
-21.8108	-10.2711
-22.8189	-8.5898
-20.6395	-10.3155
-17.0324	-9.15554
-5.32363	-8.18448
-8.1159	-4.63976
-13.1785	-5.95098
-16.6834	-9.61697
-17.7091	-13.1048
-17.8978	-6.97944
-13.9796	-5.25183
-16.1535	-5.52522
-12.0551	-5.31116
-13.2927	-1.10562
-13.5194	-1.92609
-10.5781	-0.93647
-10.4369	-4.23291
-11.851	-6.83695
-12.2756	-4.16228
-12.0517	-0.716688
-17.6818	-6.36867
-20.2843	-6.95724
-20.5708	-11.475
-22.3148	-9.55412
-19.1265	-14.59
-17.0799	-16.1315
-15.1132	-14.8111
-13.506	-10.7503
-11.1475	-8.25589
-11.2331	-2.85757
-8.21586	0.0704433
-3.92284	1.28882
-4.00523	3.17749
-3.809	3.02458
-2.83008	1.39217
0.0745076	5.36128
1.64781	-2.42144
-3.53513	-4.63323
-3.76354	-1.8379
-7.72354	-6.1496
-6.79448	-7.52033
-10.2967	-10.7204
-12.2979	-13.3564
-12.5122	-6.19168
-12.8223	-2.51049
-8.09339	3.52411
-9.66843	6.97806
-7.72085	5.33381
-4.28483	0.337868
-4.54099	1.09917
-4.22914	0.206284
-7.16921	-5.27729
-10.7755	-7.18229
-11.8841	-7.03113
-12.27	-8.32743
-13.4294	-8.27073
-12.5409	-8.09652
-12.9136	-9.38678
-12.7428	-9.35212
-12.2406	-9.58583
-11.0807	-10.572
-11.5751	-9.70883
-10.3901	-8.37987
-9.79987	-5.45768
-6.11665	-0.903408
-7.19446	-3.13476
-7.68821	-8.63846
-5.7522	-7.14285
-7.71363	-6.84579
-6.19177	-0.675422
-9.21903	-2.8361
-13.7289	-9.68123
-12.3718	-9.56684
-12.6852	-1.94957
-13.3723	-5.34279
-10.8585	-1.27664
-13.2679	-3.53974
-10.6185	-7.17524
-12.4856	-3.99548
-15.3674	-2.49345
-12.6576	-4.72511
-12.9749	-3.24701
-14.2236	-4.14263
-9.43883	1.12381
-12.7936	-7.81132
-11.7473	-2.48168
-12.964	-3.85982
-12.424	-3.12479
-13.3793	-2.92321
-13.9586	-6.00788
-10.4982	-3.8511
-12.0817	-6.56273
-14.4732	-5.57503
-11.5495	-4.74028
-10.5507	-19.9855
-11.2758	-6.50637
-9.31778	-11.819
-8.3626	-12.4448
-9.46388	-12.0199
-8.53774	-9.09261
-5.8382	-0.713251
-8.76473	6.31097
-4.65948	5.63431
-3.89834	4.11282
-4.9247	5.76481
-13.1354	-0.212168
-16.0534	-4.28687
-17.3782	-3.79962
-16.838	-2.87953
-15.5468	-4.17457
-12.6453	-5.93787
-10.3062	-7.45727
-6.82732	-11.0395
-3.20632	-11.2132
-4.78679	-1.12713
-7.09168	2.32143
-5.3436	0.594155
-5.16516	1.62005
-4.82595	2.08935
-4.76347	0.0145017
-5.07737	1.67863
-4.03529	-0.0209573
-4.39808	1.12578
-4.79384	2.46472
-2.9338	0.363664
-4.75265	0.529683
-4.6261	0.366999
-4.89673	-0.0315757
-3.12646	-0.616999
-0.702669	-1.19089
-6.44164	2.06173
-6.61171	4.40027
-9.73183	5.08306
-11.3841	0.791099
-9.37479	-6.40762
-8.68587	-8.76669
-8.04185	-11.7922
-9.65398	-10.3126
-8.91512	-11.8944
-10.3825	-14.3649
-11.7307	-15.1995
-11.6112	-15.7091
-13.5945	-13.0366
-15.1444	-13.724
-17.0741	-13.1217
-17.8545	-12.7577
-17.9745	-13.3612
-14.092	-15.7248
-7.21975	-10.0813
-6.76829	-8.50398
-6.36221	-3.46532
-9.97177	-7.44751
-10.7836	-7.19988
-12.7271	-6.56001
-14.283	-6.45224
-9.47211	-3.98899
-14.5179	-8.30916
-13.3593	-3.15673
-15.177	1.16042
-12.6039	-2.79762
-18.831	7.2821
-14.9483	1.17437
-15.131	-7.6802
-14.9576	-7.85842
-11.6453	-5.62092
-13.1283	-9.79562
-11.3665	-4.94481
-20.4455	-8.47992
-27.2199	-13.3059
-18.5793	-13.2509
-26.058	-19.7969
-26.8489	-19.2971
-20.8424	-12.882
-19.6879	-10.8648
-13.5764	-6.07006
-16.3186	-14.6795
-15.1322	-12.9427
-12.3779	-5.15563
-11.2054	1.87507
-10.2519	1.47962
-10.8993	0.84417
-9.61161	0.93105
-10.187	1.28958
-10.0282	2.0763
-10.7701	1.87747
-9.08959	0.863477
-11.4679	-3.13407
-10.21	-6.05992
-11.4357	-5.6462
-12.4429	-6.52719
-12.68	-7.55804
-12.3242	-7.45527
-8.6769	-0.982591
-8.30037	0.270628
-7.13256	1.75678
-6.73152	3.17068
-7.01418	2.29836
-5.93193	3.54834
-5.11094	5.15289
-5.61066	4.77707
-4.02012	3.73723
-3.95282	5.845
-3.89587	4.95033
-4.28078	5.08843
-4.36836	5.81874
-8.44752	4.09448
-15.9829	-1.23474
-17.1345	-5.23986
-19.6547	-5.68429
-21.0272	-7.59859
-22.9178	-6.90287
-22.4039	-9.06564
-22.2773	-10.2828
-22.4388	-10.2633
-23.0035	-11.6856
-21.7005	-14.557
-16.9352	-18.7727
-14.7898	-19.3403
-12.3568	-16.6845
-10.1673	-15.8483
-8.96424	-18.4573
-6.47459	-16.4408
-5.01987	-12.8003
-3.84389	-14.0686
-3.79845	-13.53
-2.77352	-13.0926
-4.13206	-11.1685
0.00547463	-7.35569
-3.53972	-9.16369
-6.35591	-7.62894
-12.7298	-2.6981
-17.3653	-3.38116
-12.2312	-5.49463
-9.43926	-6.14275
-12.9457	-9.31705
-11.9682	-8.1528
-9.66564	-3.80308
-14.6909	-5.06739
-12.0886	-2.62941
-10.4009	0.0515027
-11.7841	-4.8363
-12.3938	-3.71888
-12.1233	0.369345
-9.62643	-2.61473
-11.7823	-1.3905
-13.8504	-1.8906
-10.4647	-2.13496
-13.308	1.35623
-15.1567	-3.63413
-13.8091	-8.97685
-15.5949	-8.40758
-16.0354	-8.48679
-17.0319	-6.06834
-16.198	-4.94823
-12.0151	-5.12582
-14.8039	-4.80372
-12.6622	-4.1612
-8.66116	0.205971
-14.156	-5.51989
-11.9823	-0.364099
-15.0161	-4.1676
-9.59908	-0.923831
-8.3234	-0.990896
-11.9597	-2.64414
-8.77009	-5.05935
-14.4244	-3.0888
-16.5129	-2.64917
-14.6564	-6.47149
-13.6354	-1.92486
-10.2205	-0.844987
-10.3642	-3.74216
-9.58563	-5.80553
-8.33648	-6.30929
-9.63768	-7.632
-9.43344	-3.28299
-12.609	-3.52607
-11.5551	-8.27683
-9.60546	-8.28771
-11.2183	-7.98417
-10.7288	-3.89022
-10.0027	-2.68735
-11.2706	-7.74882
-9.923	-5.20165
-9.57624	-4.66852
-10.485	-11.0696
-11.3083	-5.85021
-8.94405	-6.10069
-7.33528	-8.37026
-9.21096	-11.7567
-7.84625	-6.4064
-9.65841	-6.37023
-8.41865	-6.61599
-8.68122	-6.56257
-10.8366	-3.76276
-9.73491	-7.55135
-11.7183	-6.53297
-9.86531	-7.30173
-9.42407	-6.0327
-10.3202	-7.48922
-9.00684	-1.08142
-10.2056	-2.67754
-11.1823	-10.8997
-6.00896	-2.1638
-4.24541	-4.28348
-7.37909	-8.54142
-12.3517	-3.64417
-9.40314	0.10771
-8.45789	-9.30218
-7.26871	-9.1204
-6.18906	-8.47689
-5.63284	-8.81903
-6.62987	-5.01235
-8.19426	-4.85632
-10.2851	-5.61289
-10.319	-5.58948
-7.24164	-3.66895
-3.12975	4.29206
2.42185	-1.00299
1.64512	-8.1341
-0.877647	-7.9203
-2.5723	-9.21306
-3.91303	-10.8645
-5.97795	-11.8117
-10.0423	-10.7528
-11.2391	-9.73966
-13.6682	-7.22095
-13.7744	-6.54324
-15.9086	-5.4297
-14.7697	-4.42285
-14.3641	-2.09971
-10.2456	4.17711
-8.99977	6.01807
-6.86793	5.86289
-7.05319	6.14824
-6.37377	4.95376
-3.85457	2.88952
-4.79108	2.07505
-4.3612	-0.448185
2.84977	1.23782
0.861329	1.60319
2.68704	-2.99951
1.70428	-2.35841
-5.90049	-1.18575
-3.31931	-7.98179
-10.8428	-10.8912
-9.93248	-11.8427
-0.443647	-9.67341
4.58271	-7.83321
2.61762	-10.6495
-0.04167	-11.9928
-2.28283	-13.046
-3.44428	-12.058
-3.6682	-12.9968
-4.6765	-13.3443
-5.39427	-11.5175
-5.45253	-11.3373
-5.89273	-8.18562
-7.8525	-1.80812
-8.54822	1.35247
-7.59994	2.30119
-9.51824	-2.01949
-6.66048	0.846207
-10.4525	2.2487
-14.2096	-5.60092
-13.4268	-8.81923
-13.5147	-9.87696
-15.2008	-11.8879
-16.5369	-15.7643
-15.8056	-15.7261
-17.0197	-14.51
-17.9638	-15.0536
-16.3417	-14.1029
-13.7218	-11.1468
-12.7628	-9.547
-7.59149	-7.45128
0.147607	-10.272
-3.21774	-8.78187
-3.53856	-4.78312
0.567238	-6.64648
4.37795	-4.47515
5.83646	-11.1763
4.12163	-13.6139
-3.58303	-15.9363
-0.0890467	-17.6129
3.46414	-5.60982
0.542494	-1.21696
-4.2067	-3.05798
-6.77322	-4.28175
-9.37806	-7.10497
-9.9904	-11.8405
-9.38545	-16.4654
-11.3076	-14.3519
-9.92358	-16.3018
-8.82868	-16.213
-13.8089	-13.4036
-11.9577	-15.2759
-12.3237	-12.0003
-13.6795	-10.3168
-15.3093	-9.77488
-17.3319	-7.4012
-20.074	-5.49719
-19.0545	-5.08481
-17.5935	-3.88243
-14.9954	-6.6032
-13.198	-6.14156
-11.3778	-5.02172
-8.67631	-0.206785
-8.65094	1.23624
-4.74362	1.71302
-7.3439	-0.914518
-5.84136	-5.10528
-4.19751	-7.23428
-4.06001	-8.21442
-3.88161	-8.32516
-2.97815	-9.37391
-2.85577	-8.96644
-2.81194	-8.54955
-2.54874	-8.76616
-1.91472	-8.10319
-3.64988	-6.08058
-2.91895	-6.68524
-2.83971	-8.35713
-0.462551	-8.08853
1.99317	-5.3922
2.09992	-2.19172
0.789806	-1.02154
-2.45899	4.35186
-5.44029	2.59751
-7.34245	7.57782
-3.72998	5.5876
-7.5203	-0.0273473
-9.98686	-1.02177
-9.15349	0.466772
-10.9675	-2.6568
-13.1461	-2.16604
-11.7629	0.082004
-11.6464	-0.794509
-1.96451	4.32317
-4.30959	-0.56921
-5.61716	-3.6101
-7.89543	-1.09977
-7.77942	1.09016
-8.45306	-2.57085
-17.2327	-5.41065
-18.9892	-4.99426
-20.7517	-3.43395
-21.4775	0.169082
-19.6136	-0.385761
-15.4639	1.11274
-9.91098	-0.189799
-8.94677	3.91903
-13.5911	3.67426
-9.55121	-1.67548
-12.8746	0.885347
-17.5844	-4.16499
-13.6521	0.897769
-13.8155	1.89538
-12.0603	0.825498
-10.1158	5.46736
-1.77179	-0.379087
-0.02077	-5.83444
-0.156691	-6.01007
0.126684	-5.29687
0.414568	-1.98356
-1.49803	-0.347491
0.804421	-2.38328
-6.49667	-1.54926
-9.54087	0.2223
-11.3739	-0.386668
-10.5276	5.41171
-11.7433	3.52739
-14.7091	6.98592
-14.4152	6.10115
-14.2668	4.13
-16.1424	3.57682
-16.9488	-1.15683
-18.0304	-5.35176
-20.563	-5.49504
-20.4354	-4.42901
-19.9325	-3.32361
-19.44	-4.0086
-18.8866	-2.34758
-16.2826	-2.99539
-14.878	-1.291
-12.042	-1.31098
-8.33327	1.96204
-6.16464	0.931445
-3.90404	6.49403
-6.89944	5.08013
-9.90482	0.687147
-8.80059	-3.80746
-13.7013	-1.39196
-14.3397	-6.54235
-11.777	-4.83731
-11.8648	-8.4379
-12.5197	-9.35336
-12.2881	-4.42778
-14.0665	-5.99457
-12.0864	-6.97255
-13.3844	-10.1627
-11.6524	-5.77611
-10.5974	-5.23367
-9.79436	-2.70662
-10.7674	-1.55167
-9.90646	-0.411815
-9.84283	-6.19918
-9.06413	-6.48238
-9.58653	-6.4837
-9.57588	-0.717653
-8.83778	-0.720795
-8.73465	1.7306
-8.77145	-0.28687
-8.51171	0.175238
-7.25987	-3.08631
-4.33206	4.90547
-0.387895	5.25829
-4.48909	5.88197
-5.96753	3.03644
-6.92305	-0.475923
-2.80224	0.0256494
-3.00766	-0.36801
-8.06598	-6.13542
-16.4696	-7.41562
-17.2	-8.17978
-14.7102	-6.1143
-14.5658	-7.39543
-12.6503	-10.6113
-10.0272	-10.6944
-5.66931	-6.61886
-3.51485	-1.53786
-5.45594	-1.60757
-13.0739	-7.1267
-10.1569	-4.70601
-11.6216	-6.75079
-13.023	-6.4048
-13.5475	-7.20537
-15.8048	-9.79657
-9.19496	-4.36963
-9.87425	-10.0269
-7.18998	-7.95459
-10.5791	-5.24987
-8.10125	-9.58858
-7.4149	-7.00342
-7.99505	-5.67084
-3.69354	-7.39196
-7.33094	-6.02628
-9.56665	-5.06486
-8.16896	-2.19589
-9.90798	-4.11389
-6.05653	-5.45849
-6.12784	-9.04458
-10.073	-4.59203
-9.56927	-2.38323
-10.0827	0.904065
-9.49096	-3.42148
-10.1941	-7.38397
-11.3723	-8.01283
-12.3162	-10.1725
-13.1118	-8.84333
-15.123	-7.33615
-17.1151	-6.15344
-17.9599	-5.28355
-19.6884	-6.08426
-19.1586	-8.33761
-18.3853	-10.6955
-19.3109	-11.9473
-17.9366	-10.584
-17.6723	-9.06829
-17.7503	-6.38793
-19.1883	0.10252
-19.4584	7.32221
-12.7426	3.53072
-17.3891	-0.585167
-19.9543	-3.41123
-21.2848	-7.48835
-21.1938	-6.63508
-23.3516	-6.27743
-22.4508	-3.82883
-21.9666	-6.00233
-19.026	0.47566
-12.2474	3.99247
-17.2413	-2.32726
-22.9811	0.106993
-17.5254	-0.483551
-15.9797	-0.930813
-13.7139	0.614935
-10.6918	-0.400309
-16.7184	-4.58416
-18.3429	-4.91321
-17.7172	-6.2978
-16.0652	-5.60126
-14.1554	-4.7427
-11.8098	-5.96841
-11.962	-5.04429
-13.4639	-2.62284
-10.4382	2.04829
-6.64754	3.79156
-7.94029	4.57706
-7.46127	4.60485
-7.65114	2.74414
-12.3826	0.524302
-13.8266	-5.71993
-13.3586	-8.42766
-12.535	-10.6345
-12.4486	-11.4931
-12.854	-9.97804
-11.0371	-11.4248
-8.73739	-13.5066
-6.18272	-12.8762
-5.34812	-10.6336
-8.29195	-7.5513
-10.4357	-1.281
-8.02129	2.34925
-7.67305	-4.38216
-7.92687	-3.91546
-9.8751	-5.73072
-14.2479	-9.17868
-11.9533	-9.8804
-12.3571	-6.65088
-18.1575	-5.05813
-14.4246	-4.05775
-22.869	-10.5013
-22.0195	-9.90488
-23.573	-7.07073
-24.6781	-5.63779
-24.0907	-5.61122
-23.6923	-5.36798
-22.1906	-5.59502
-21.1314	-5.55502
-19.2098	-7.50206
-17.8693	-8.25118
-15.727	-7.28468
-12.6969	-7.00708
-14.5691	-7.77834
-15.2502	-11.1478
-15.7218	-9.81188
-16.1206	-9.80113
-16.0518	-10.4398
-15.944	-10.349
-15.4035	-9.62336
-14.6529	-9.66788
-13.0873	-10.7009
-13.3984	-10.9347
-12.8832	-11.7403
-11.1606	-11.1282
-10.9057	-10.7353
-10.6824	-8.58943
-11.5855	-7.66401
-12.3145	-7.27664
-14.1722	-7.98032
-14.7886	-8.67896
-13.6473	-9.30133
-14.0375	-6.21673
-12.5812	-4.43029
-10.1862	-1.62769
-10.5495	1.62755
-9.51749	1.16951
-9.75261	-0.320207
-9.18889	-0.95586
-8.72847	-0.629978
-9.3344	-1.2735
-9.04046	-3.93107
-7.07987	-6.29112
-6.80839	-6.78331
-6.27973	-7.75285
-10.0172	-0.955726
-8.27572	-5.10297
-9.96576	-2.58161
-14.6757	-2.19461
-15.5875	-3.42679
-17.4042	-5.78166
-17.3601	-9.51667
-15.5058	-12.8101
-15.0516	-14.648
-13.1739	-15.5883
-13.507	-13.4688
-9.40441	-11.2924
-13.842	2.48215
-6.79376	-5.13594
-1.71542	-2.40212
-3.24912	-0.939283
-5.4027	-0.763557
-4.82201	0.663496
-5.86779	3.09676
-4.57804	-0.896298
-2.10757	3.58874
-8.55607	-1.29787
-9.48355	0.45177
-10.7974	-0.27863
-9.28398	0.243027
-10.0067	-4.7859
-9.50809	-0.933661
-15.405	-3.18144
-11.7752	-0.711057
-14.7843	0.77131
-15.0735	-2.57014
-11.8111	-3.11364
-11.7175	-2.17558
-11.3721	0.654285
-10.3149	-2.70931
-10.3041	-1.48161
-11.3042	0.347071
-9.45221	-1.91054
-8.9863	-1.52866
-9.73455	-2.01359
-8.59523	-0.328319
-10.7787	-6.41467
-13.1792	-1.49818
-11.6597	0.574693
-8.62693	-1.20133
-8.09639	-1.60935
-8.47305	0.648473
-6.40737	5.38408
0.904423	8.19405
-4.09068	7.05809
-6.29294	4.76516
-6.16582	5.97152
-6.91512	7.21271
-4.86992	5.85785
-10.0727	-1.79852
-12.8658	-5.38596
-15.4274	-4.7602
-15.6137	-6.22295
-15.3283	-8.61839
-14.6277	-7.91322
-12.9307	-0.315737
-7.20395	-1.45269
-12.6728	-8.11854
-14.7194	-5.23273
-13.2284	-0.534805
-13.0869	-6.45901
-23.8797	-4.2019
-23.5318	0.809459
-19.1292	-5.02499
-22.5438	-5.40727
-23.3006	-5.74604
-22.67	-5.42285
-21.3353	-5.68344
-18.2316	-4.97463
-12.0211	6.14
-10.4225	8.46792
-7.99179	9.41442
-7.06776	5.54471
-6.85238	6.75311
-7.99177	7.90088
-5.34133	4.08629
-5.60726	4.38286
-5.83455	2.21514
-3.06905	1.33385
5.62453	-3.55145
6.96854	-6.8473
7.70537	-8.24476
8.21614	-8.46293
8.03614	-8.95233
7.32395	-10.3123
5.78483	-8.71115
5.29952	-9.07425
3.61466	-8.22888
0.616714	-7.41555
-1.35529	-5.0936
1.36506	-6.65032
0.511588	-2.51011
0.329317	3.64941
-0.573942	0.474886
-1.38782	-0.407285
-5.02008	-3.68403
0.888429	2.16739
1.07715	-0.872181
2.02571	3.17089
-0.490722	6.9702
-4.99934	9.23309
-6.78672	9.23855
-8.53805	9.27016
-9.45168	9.08549
-10.786	9.78307
-11.3196	9.56333
-12.1534	9.05125
-13.8895	9.76044
-16.6087	-0.584186
-24.4662	-1.93889
-23.3494	-2.94007
-24.679	-0.778082
-24.0688	-0.322734
-23.1647	1.0544
-23.0116	2.82528
-21.3596	1.83499
-20.281	1.2667
-17.0678	-0.633342
-12.0813	-6.58308
-9.32899	-7.81009
-2.9934	-10.493
-1.25874	-11.2139
-0.192317	-10.1109
2.6988	-12.8697
4.39268	-7.4649
3.71249	-8.24035
4.92195	-9.84679
5.36446	-6.77563
3.94114	-5.27798
3.36287	-7.71389
1.08702	-3.8734
5.34189	-2.38764
1.0166	-4.85376
1.25908	-3.35899
1.83617	-4.17621
0.672368	-4.9183
3.014	-6.79968
-1.13404	-6.21928
0.420931	-8.00611
0.0841401	-5.82248
-1.34793	-1.61003
-1.45989	-1.92941
-2.04983	7.10401
-6.09523	2.08051
-7.94784	0.339948
-7.34634	0.0227466
-6.03435	-2.60677
-7.26901	-2.98203
-7.5063	-1.98348
-6.80294	0.698349
-12.7583	0.0141153
-17.4705	-5.8169
-14.7383	-7.663
-11.6319	-10.0962
-11.4523	-3.64843
-16.6682	-3.3381
-16.6077	-3.42945
-17.5551	-2.61335
-13.7547	-2.85651
-12.4533	3.1956
-13.6504	7.6291
-11.3432	2.02671
-6.16414	2.77331
-5.25164	4.74075
-7.1213	2.80134
-6.94499	2.4392
-5.62254	1.90979
-6.26164	1.95328
-6.70112	1.32367
-6.51026	-2.98061
-1.27095	-7.47758
1.58199	-10.9212
0.481209	-10.2837
1.0502	-9.36053
-0.334184	-4.70912
0.882112	3.59252
-1.88606	4.2635
-0.314855	-1.41739
-2.09822	-2.55797
4.00528	-0.586315
5.39006	-2.50183
1.38066	-5.45373
-0.678146	-7.35828
-2.3821	-9.26255
-6.56099	-7.27593
-10.0138	-6.47758
-12.5705	-4.75339
-15.5076	-2.48854
-16.2896	-3.60864
-18.2868	-4.82043
-16.2842	-7.32295
-15.0663	-5.97316
-11.3569	-5.2565
-10.9378	-2.60633
-13.4001	-0.948145
-15.289	-3.1904
-15.9767	-7.20768
-16.5129	-6.91941
-11.9975	-0.816657
-11.9652	-3.93258
-14.2924	-5.12509
-13.5261	-4.28747
-11.1686	-2.80937
-10.3397	-4.32537
-14.0553	-3.95003
-11.0533	-2.95779
-12.1338	-4.72922
-9.32856	-3.222
-10.9496	-0.1434
-12.1316	-3.71781
-15.3491	-1.57891
-13.1134	-0.0344129
-13.6388	-0.772037
-16.3255	2.3418
-16.6756	1.6271
-13.5478	1.59353
-12.6957	2.05149
-13.5821	-0.194665
-12.9493	3.03355
-14.0719	4.05719
-14.2268	-0.380623
-12.8916	-0.786412
-14.0539	0.880831
-12.6922	0.604565
-13.5898	-2.69435
-12.2464	-3.88187
-15.1751	1.06076
-11.3698	-0.370224
-16.0211	-3.74413
-16.0158	-4.0834
-14.3581	-4.81366
-14.8832	-0.650049
-12.5986	2.13144
-16.5313	-0.21596
-17.6686	1.03296
-18.3839	-0.154006
-18.6676	1.95155
-20.3006	1.48853
-10.5448	-0.556116
-8.31614	-1.64664
-7.06474	-0.0798641
-11.0215	-1.18516
-9.96857	0.255373
-8.90975	-5.72617
-9.85193	2.54148
-8.88106	-0.749238
-10.9805	-0.563797
-15.1408	2.64874
-20.0342	5.85026
-23.7674	3.27761
-23.2536	0.884029
-24.7287	0.0048516
-20.3005	-3.39106
-16.571	-1.02746
-4.00163	0.560331
-7.46428	3.64139
-8.68097	7.27595
-5.21318	3.92673
-4.52452	3.90276
-5.67655	3.75103
-9.94014	-2.26806
-11.5922	-4.57626
-11.7466	-5.09392
-11.3565	-1.94844
-9.96326	-0.61745
-9.10017	2.84677
-5.47626	0.563686
-4.72694	-2.97689
-4.01638	-2.64012
-4.35468	-2.57822
-1.73224	-4.24414
-2.89226	-1.53004
-1.71736	-4.08782
-0.848706	-2.71561
-5.07722	-0.485905
-14.4794	-13.9691
-17.8569	-20.4324
-19.1845	-19.59
-20.7238	-19.0858
-19.6287	-18.7314
-19.1083	-18.672
-16.8173	-17.4843
-14.9167	-11.387
-13.1952	-4.95895
-9.98723	-6.69915
-9.60969	-4.40742
-8.13851	-5.69718
-6.88964	-5.21603
-5.3541	-4.79836
-3.2332	-2.07833
-3.32986	-1.83056
-12.048	2.32982
-8.32283	-3.85771
-10.4509	-3.83996
-12.308	1.18019
-5.88126	1.46139
-9.88721	-2.85953
-13.0035	-7.24946
-16.6565	-6.86707
-19.282	-5.43839
-20.5511	-6.14074
-22.5662	-5.59192
-21.105	-6.04281
-12.3928	-0.590606
-13.4853	-0.158706
-12.1172	2.33475
-15.956	-4.58425
-17.7871	-3.98685
-19.5332	-12.5744
-17.1857	-10.0927
-12.0665	-7.29351
-13.5174	-8.4652
-24.3462	-6.7498
-25.8338	-5.98508
-24.3017	-5.8887
-23.7785	-6.0129
-21.6347	-7.54997
-17.3215	-8.08915
-10.7089	-5.05471
-9.65683	-3.17914
-12.5495	-2.86894
-12.5826	-2.9755
-13.3968	-0.424386
-9.74592	2.05847
-9.85421	1.78694
-10.7471	2.02006
-10.5998	2.81255
-9.52928	0.581607
-8.27746	1.20644
-5.29611	3.71707
-6.7604	0.262101
-11.5958	-8.3202
-14.8794	-6.65168
-17.6677	-6.36672
-19.8785	-3.82678
-20.9915	-2.30833
-20.4167	-1.99543
-18.7921	-1.91043
-17.279	-1.70776
-17.2752	-3.22353
-13.1211	-6.04814
-10.8446	-7.52856
-9.56683	-5.85206
-4.47067	-0.844814
-2.88708	-3.80908
-1.0392	-1.60708
-1.48274	-2.87459
-1.4616	-0.931419
-2.67038	-0.451241
-1.92493	-0.163367
-0.771624	0.896445
-0.00813587	-1.14399
-1.0861	-0.0317974
-0.895789	2.66824
-1.06574	3.15845
1.52277	5.526
-4.84303	5.85498
-5.11671	4.17347
-8.20881	0.623256
-8.17759	2.86523
-6.78529	1.60725
-11.9652	-2.34838
-12.0886	-4.31965
-8.82262	-8.44396
-14.3711	-6.90763
-12.7102	-10.1305
-12.8426	-5.85279
-11.1825	-9.68736
-11.1018	-11.9389
-13.7828	-7.48045
-13.3907	-10.0934
-14.3026	-9.19042
-9.52443	-7.37294
-12.5438	-7.53736
-12.0879	-9.88235
-12.94	-9.66334
-11.2931	-9.75717
-9.28405	-6.49527
-7.44485	-4.49293
-10.6262	-5.17311
-13.7989	-7.7815
-11.8849	-7.05884
-12.2737	-2.23257
-15.4765	-3.82598
-12.8214	-1.05931
-9.82826	-2.64958
-12.1814	-1.68266
-13.9058	0.107947
-12.584	-1.53088
-15.6107	0.592913
-14.8955	-1.18086
-12.5728	-0.0481165
-7.10006	-0.438131
-12.3549	-3.22194
-12.6489	-5.85083
-7.79263	-4.75419
-10.1649	-4.43378
-7.77902	-2.9222
-10.5628	-3.28272
-17.3433	-2.60438
-17.6637	-3.21632
-16.6214	-4.66428
-19.5851	-5.17326
-13.8743	-1.74323
-12.7434	-2.4818
-12.0239	-1.05254
-12.6355	-5.55982
-13.5829	-4.89283
-15.9685	-4.07415
-16.9413	-4.10169
-15.2025	-1.99817
-15.3423	-3.61918
-15.6838	-2.49413
-17.6829	-1.4188
-14.2916	-1.72525
-12.7875	-4.58735
-12.8205	-4.98595
-12.0947	-7.22132
-10.3521	-4.89417
-12.3034	1.31894
-12.7723	-1.87378
-9.65153	-0.618976
-11.7556	1.76346
-12.5204	3.18619
-13.5627	-2.36336
-14.0786	-0.948238
-15.6428	0.948246
-13.6766	-5.19247
-14.0088	-5.67132
-13.7241	0.327626
-7.54749	1.0236
-1.50745	-2.74385
1.24232	-2.09675
2.12288	-2.71397
1.46019	-3.42057
3.43721	-1.55413
2.57921	-1.16743
-1.88821	1.43177
-0.0375771	-0.640799
0.0400488	-1.1647
-0.569695	-0.359602
-2.22928	3.94342
2.08429	7.74896
-6.74089	-0.453913
-14.2014	-9.77604
-1.98136	-2.40722
1.03726	-3.67846
1.93436	-0.545384
2.65734	-3.60612
-0.630818	-3.9992
-3.96222	-4.403
-7.73139	-7.49985
-10.9194	-9.49251
-13.7942	-12.2098
-15.9282	-10.5395
-17.9435	-10.3853
-19.5969	-13.533
-19.9094	-13.4872
-20.9038	-15.1482
-20.1549	-14.4214
-19.2765	-13.7193
-18.1746	-10.209
-18.3142	-6.11762
-12.7898	-5.19737
-11.7113	-5.26161
-13.7495	-3.47039
-16.1207	-3.32788
-18.8038	-3.50116
-15.9479	-4.6909
-12.7252	-1.67385
-11.7134	-3.03545
-13.972	-3.84144
-15.9645	-5.77588
-16.7984	-7.37428
-17.7516	-8.9865
-17.2567	-9.54564
-16.654	-9.13204
-14.8907	-10.2172
-12.1234	-8.14135
-9.39521	-3.53061
-6.12395	-3.67122
-8.64252	-0.88311
-11.02	-0.325943
-16.131	-9.46865
-11.8064	-11.1696
-11.9757	-7.944
-11.78	-6.74445
-5.49895	-9.34514
-6.43725	-5.13731
-5.68735	-4.82856
3.1505	-6.70162
1.16171	-7.93477
1.00121	-7.20489
-0.109875	-6.7455
-0.146432	-6.58008
1.3595	-7.00041
3.35448	-6.57994
3.37073	-7.20811
-0.363743	-7.83147
-4.91256	-7.28212
-6.50691	-9.13152
-6.89406	-10.7484
-6.91753	-11.48
-8.00033	-10.8872
-7.17972	-12.5873
-6.96142	-11.5573
-5.84753	-12.6365
-6.02021	-11.6203
-4.86475	-10.812
-4.31812	-7.92824
-2.39817	-5.66578
-4.42143	-1.07241
3.53841	-7.21556
7.19117	-7.39168
5.64309	-6.63942
6.4532	-5.86845
9.15369	-0.780141
5.18063	-0.781231
6.35132	-2.21623
6.42446	-5.57958
7.25967	-2.99455
6.13588	-0.578069
2.08434	-2.30027
5.69605	-6.68478
4.08564	-5.18986
4.59067	-5.95442
5.21704	-8.08523
6.20835	-8.42654
6.01454	-9.22916
4.56896	-9.49652
4.71017	-10.0375
3.63589	-11.2329
7.41153	-10.6955
7.19611	-11.5369
2.31432	-11.5323
-1.28651	-9.03525
-4.03777	-12.4627
-3.2931	-12.2927
-1.4815	-8.30908
-0.0518234	-4.25023
-7.70621	-1.94782
-4.2091	-5.55928
-5.37207	-1.97199
-11.9937	-0.460802
-13.7525	-3.29569
-14.4644	-2.35828
-11.6001	-8.39541
-13.0019	-4.84532
-10.7668	-2.85689
-11.0537	-3.94157
-7.31323	-4.20222
-6.94918	-3.19001
-9.29651	-1.897
-11.4712	-11.698
-7.76927	-2.79764
-6.2381	-0.846031
2.30956	1.68548
5.28601	-2.15942
5.21101	-3.13884
6.86169	-4.22773
6.91112	-4.96075
4.31064	-5.75065
2.36115	-3.90914
-3.61902	-1.03297
-8.35433	-0.524376
-6.61846	-2.55538
-9.36224	-5.60891
-7.91493	-1.08777
-7.97434	1.30043
-11.0484	-7.20012
-10.7455	-4.57791
-8.59482	-10.0073
-2.87422	-11.3249
0.607335	6.02149
0.386569	1.85638
0.70054	3.43631
1.1951	4.76971
0.198158	4.33302
-1.31354	5.03857
-6.38626	2.67711
-10.2508	6.24756
-10.0212	4.92846
-9.32491	4.1137
-2.46019	0.83534
1.91268	5.59751
-1.00955	-1.58588
-0.183119	-5.90355
-1.76588	-11.849
-6.20379	-13.3304
-7.80658	-11.5857
-9.66996	-7.45814
-10.437	-7.26051
-7.5168	-0.451769
-7.60965	-3.09457
-8.6078	-6.61625
-7.82936	-1.31626
-9.80696	2.56146
-8.78188	-3.17596
-12.7381	-7.9488
-13.9846	-10.0573
-2.61653	0.829879
5.13736	-2.34949
2.23529	-3.95126
-0.0195633	-4.51023
-0.775015	-1.97252
-2.36965	2.26904
2.98899	-2.88258
2.68985	-5.27125
-0.351145	-3.92392
-1.20245	-5.1256
-3.3735	-4.04509
-7.55972	-5.59958
-13.7191	-5.70838
-16.3777	-5.85694
-17.8461	-5.13657
-18.7789	-4.43436
-19.9335	-3.64163
-20.0204	-2.15464
-19.4451	-1.99683
-20.558	-0.178444
-18.2635	-1.34985
-19.5077	-1.6616
-17.9479	-1.38125
-16.8481	-4.36558
-15.1337	-3.37503
-13.7379	-2.13226
-10.7635	2.65043
-12.2423	-2.00381
-13.7755	-3.65299
-13.3461	0.280871
-13.084	-1.65568
-11.9179	-4.46985
-12.8062	-6.78208
-13.0363	-2.67762
-12.7238	-5.44189
-9.46834	-0.578867
-13.4514	-2.78744
-7.90544	-3.8469
-15.3506	-6.66641
-11.4454	-10.2767
-9.06067	-3.37346
-10.3243	1.50066
-7.94962	-0.980693
-10.9594	-5.42287
-8.23113	-4.48763
-10.8477	-3.51091
-10.4862	-2.59422
-7.78969	-6.88007
-7.02569	-0.415969
-11.4766	-2.81337
-8.67749	-2.02701
-11.155	-0.362753
-10.331	-3.51674
-11.2064	-1.28854
-8.33226	-0.165801
-8.40549	-2.21873
-9.85187	-1.34365
-12.5241	-3.3365
-9.58466	0.911355
-10.646	-2.03294
-11.7696	-4.09631
-8.91528	0.0843059
-9.77505	-1.9466
-11.4781	-0.928072
-11.9326	-2.26688
-7.89736	-1.37906
-7.95458	-2.59394
-7.4326	-3.22764
-6.18614	0.233298
-6.75015	-4.48232
-8.13903	-2.63302
-10.4568	-1.17142
-14.05	0.284718
-10.1812	4.12015
-10.742	-1.95136
-14.5461	-2.45691
-12.8026	-1.04621
-12.7603	-4.05868
-15.9216	-2.98825
-12.6283	-8.13356
-13.9838	-6.61486
-11.8883	-5.64858
-15.6976	-7.3261
-10.0708	-7.09647
-8.99369	-5.2232
-9.92602	-5.77358
-9.9517	-8.40531
-8.16271	-3.80977
-10.3556	-9.19129
-11.0011	-5.76762
-7.1494	-7.49536
-10.633	-7.99909
-11.9961	-7.30415
-12.2338	-8.20956
-13.919	-4.69198
-5.93893	-7.18319
-8.15907	-3.35045
-9.9162	-2.10997
-12.3701	-7.85235
-11.1279	-2.15175
-11.3014	-2.30914
-11.9341	-6.74578
-9.44818	-5.1228
-12.4131	-8.70681
-10.5131	-1.65522
-13.4395	-1.55578
-14.8761	-7.07943
-15.268	-5.96613
-14.619	-9.57843
-15.4727	-11.8201
-16.6838	-10.1797
-16.1439	-4.23226
-18.713	-3.01222
-17.8563	-0.198994
-11.4501	-2.95422
-15.8946	-5.01634
-16.5982	-4.49634
-19.2213	-1.97412
-20.0421	-2.1825
-19.8759	-1.8277
-18.8489	-2.10299
-17.2712	-3.04324
-16.8171	-3.09065
-15.5774	-2.83363
-13.5582	-1.99138
-9.0224	2.68467
-2.42267	0.0237245
-0.178898	-0.9052
-2.13663	-2.99952
-1.81329	-0.978555
-2.40951	2.09684
-1.5355	3.14786
-2.62804	5.79872
-2.88093	5.42917
-2.28403	6.86488
-0.244495	3.63366
-2.09128	0.655612
-4.45065	-7.22294
-7.39949	-10.2491
-10.3819	-9.10886
-13.7042	-6.19895
-15.7853	-4.9809
-16.1336	-3.31328
-15.9643	-2.92417
-14.6796	-1.29755
-12.1609	2.6428
-9.66613	0.786523
-10.5098	0.447712
-9.25763	-1.05638
-7.81357	-2.66834
-6.2728	-4.31232
-3.55638	-3.85155
-1.14868	-4.05887
-15.7392	-14.5217
-10.9362	-16.48
-14.6034	-17.301
-19.2774	-13.3619
-19.9747	-9.60634
-19.6068	-8.28367
-16.9054	-7.90932
-13.4889	-9.49349
-8.77779	-10.5816
-1.36694	-7.72573
2.40043	-6.26443
-2.13166	1.99149
-3.12133	0.863484
-8.31046	2.36368
-9.11079	0.607539
-9.86	-2.42699
-12.0563	-2.9408
-9.90003	-7.4401
-11.7725	-14.5165
-9.82857	-7.63207
-14.0898	-7.79859
-15.8935	-8.87315
-16.2648	-7.13137
-15.7526	-6.54509
-13.5258	-3.50667
-7.88182	5.81267
-9.02185	7.57108
-8.53078	8.93562
-6.86796	9.64536
-10.355	6.79015
-12.7758	2.0737
-14.5932	-2.7728
-13.4285	-3.59983
-12.9848	-7.19274
-13.2429	-7.66115
-12.7976	-8.93446
-13.0423	-9.41729
-13.5112	-9.43703
-13.8403	-9.79392
-11.9976	-6.5646
-9.63744	0.21515
-9.19838	0.812613
-6.61048	1.23116
-5.13678	1.88129
-2.12677	0.135094
-1.47651	-7.73979
-4.84982	-10.0331
-3.05173	-10.6959
-3.23531	-9.70693
-0.896725	-9.1539
0.7562	-5.13924
-3.10615	-3.29256
-6.13173	-5.82282
-8.07729	-3.52949
-10.8248	-7.29519
-9.63662	-9.50746
-8.87452	-6.93434
-11.8542	-3.74438
-6.32261	0.792463
-17.3781	-3.61662
-23.8187	-7.25993
-15.336	-2.336
-11.6036	-5.3112
-10.4205	-5.11867
-10.4607	-3.03699
-11.1408	-6.07428
-9.16264	-0.651845
-7.01896	-9.79895
-13.6926	-5.22461
-13.7182	-10.0051
-16.9077	-5.42444
-13.8572	-4.89364
-12.1709	0.287483
-13.0388	-5.8535
-15.25	-10.5036
-15.7409	-11.5566
-15.3494	-10.9543
-14.5482	-10.6892
-11.8	-7.59441
-10.7971	-1.26656
-9.52092	0.708867
-7.31626	2.54705
-5.63231	5.82672
-2.44364	5.82187
-10.9969	-3.79869
-10.7089	-11.4572
-9.40376	-5.57515
-9.61236	-5.88809
-10.3021	-9.60709
-9.56536	-6.99439
-8.98796	-3.0067
-13.281	-10.6562
-9.45644	-3.30699
-13.2352	-7.15384
-9.68132	-2.91797
-11.8926	-7.31388
-8.22022	-2.03253
-6.34826	-4.30592
-6.173	-5.39982
-8.28451	-6.33507
-8.82615	-6.46854
-10.3488	-5.65419
-12.8582	-5.63191
-13.1886	-8.26735
-13.0192	-9.0446
-12.9828	-8.92131
-13.193	-6.85382
-14.577	-1.93127
-16.2377	-3.98362
-12.7766	-2.82317
-8.05433	0.972577
-10.1953	3.64625
-15.7262	4.70283
6.44494	-0.871858
9.98894	-0.518121
13.7222	-7.76349
11.5041	-3.71714
10.4786	-5.48399
8.04672	-8.12833
9.40242	-2.63298
7.0196	-5.87005
3.55418	-7.06728
-1.41184	-4.39886
-2.07945	-5.90479
-6.71781	-5.42214
-9.68149	-3.0915
-9.75895	-4.19636
-9.64894	-5.25791
-10.9434	-4.19089
-10.506	-3.36366
-9.34114	-2.52186
-6.71789	2.23692
-2.86226	6.00188
-2.75005	6.88146
-1.71462	3.63218
-3.38061	5.79332
-0.310979	5.01623
-1.63213	3.63766
-0.496274	1.97832
-5.85156	-0.72042
-2.86988	-0.944114
-10.6276	-3.55401
-8.2272	-0.00509474
-9.75889	0.204996
-10.4848	-4.51032
-15.8325	-13.8979
-12.181	-9.29265
-10.7663	-8.13345
-7.76927	-6.4628
-8.55769	-7.20574
-5.96877	-7.01275
-1.52117	-4.44061
3.36853	-0.36681
-1.14619	-4.08762
-1.72191	-5.32853
4.6203	-8.30676
-6.08576	-1.60139
-5.60664	-3.35375
-6.67374	-4.30577
-11.4719	-3.49252
-14.9618	-2.18305
-14.0104	-0.158265
-15.993	-0.994129
-13.3232	-1.92366
-12.0317	4.75122
-11.7966	4.19297
-11.1356	3.39289
-10.9078	1.53834
-12.6682	-6.28982
-13.8307	-7.65927
-14.6014	-5.89652
-14.632	-5.66197
-17.4108	-3.44263
-15.1916	-1.45756
-16.4738	-0.681914
-20.1361	-2.74687
-16.0317	-5.49167
-16.5784	-6.07524
-17.4968	-7.87876
-13.6774	-3.27348
-13.5798	-5.82207
-15.5886	-1.38862
-13.5282	-0.92767
-12.2901	-1.96023
-14.3228	-4.85626
-13.7417	-2.98946
-13.0598	2.09066
-14.6764	-4.94024
-11.1848	-2.56997
-13.0117	-3.86694
-10.6974	-4.2399
-7.08499	-0.722858
-8.8856	-2.20553
-9.74805	-4.39208
-7.01346	-0.284966
-8.36251	-1.66064
-8.58997	-0.356241
-7.37313	-5.18206
-10.1241	0.689595
-8.46261	-1.18355
-11.3302	-6.25449
-9.97084	-6.64428
-7.66273	-4.97076
-8.49913	-4.02313
-10.2233	-1.14683
-10.8367	-5.23596
-8.94351	2.5573
-12.7413	-2.40902
-15.3788	-4.61419
-14.4428	-4.26709
-15.5235	-6.92331
-12.6186	-1.70065
-12.4086	-5.74094
-10.6838	-4.12453
-14.1255	-5.04506
-11.7221	-5.45225
-13.2423	-3.7848
-12.5438	-8.9432
-11.2559	-7.35421
-13.1704	-5.92482
-11.9038	-0.397428
-10.5076	-5.89206
-8.44829	-4.15386
-8.44911	-4.20379
-10.4168	-5.21785
-7.72121	-7.9533
-10.6095	-8.45476
-10.3235	-7.95745
-11.521	-11.3335
-10.4024	-9.96967
-11.7414	-3.46907
-12.9974	-6.00903
-11.9865	-4.5208
-13.1289	-6.78418
-13.3391	-5.16313
-9.10514	-2.13085
-10.0433	-8.94172
-10.544	-5.01239
-10.5316	-2.0293
-9.78436	-4.99215
-7.01323	-2.24997
-3.59368	-3.0513
12.2044	-7.63427
11.7566	-8.76114
12.1608	-10.449
9.34572	-6.95705
8.18959	-7.29685
10.8784	-5.68503
10.7498	-3.72632
9.55519	-8.49095
8.07187	-14.1977
-0.276271	-11.4385
-6.43426	-8.26224
-7.34456	-10.879
-10.7251	-8.33547
-10.0215	-7.67077
-9.51012	-6.80729
-7.76877	-4.52977
-6.66237	0.580777
-8.10976	-0.358418
-8.36796	-2.01396
-9.50312	-2.1477
-9.75262	-3.22321
-11.1001	-1.69027
-9.27657	-2.57586
-8.15011	0.393675
-5.95093	1.47577
-7.31677	-0.87875
-10.9858	-2.07581
-13.9111	-6.83021
-12.5118	-4.15672
-12.9877	-7.44195
-12.1493	-8.44656
-10.9139	-9.78638
-8.59241	-9.30326
-5.60404	-9.87894
2.04663	-11.8123
3.64128	-4.93064
2.6921	-4.13407
-4.08126	-12.0489
-3.96095	-18.7112
-5.3017	-12.852
-4.16493	-9.52042
-3.19577	-14.7784
-5.84001	-14.1943
-6.23852	-10.7212
-5.95241	-14.0882
-5.42757	-12.6348
-6.17412	-12.687
-6.1158	-13.5512
-7.04635	-9.03873
-3.62332	-2.56269
-7.94558	-5.86007
-10.2402	-7.6984
-13.1282	-7.60017
-13.9722	-8.09322
-15.8214	-9.38724
-17.6214	-10.0881
-18.8993	-10.4933
-19.6641	-10.6578
-19.5169	-10.6443
-18.2389	-10.158
-15.4331	-8.26246
-13.4435	-2.77943
-11.1934	-1.49257
-16.0685	-7.18655
-17.9915	-13.5925
-17.5102	-11.1597
-18.1081	-5.65669
-19.7603	-6.49739
-13.1556	-5.27626
-9.60089	-5.20688
-0.529143	-5.53086
-2.93661	-10.3569
-5.59409	-9.85632
-6.39347	-7.62682
-4.80578	-0.0291039
-6.06639	2.30934
-10.5894	1.97863
-9.72346	-10.4999
-7.18613	-2.80928
-9.79447	-7.3703
-11.8828	-7.75411
-10.4619	-1.48352
-10.7567	-1.9316
-13.9059	-2.86511
-20.3185	-1.96884
-22.4832	-1.72525
-22.2339	-1.42421
-21.0207	-1.2423
-18.7482	-2.03879
-17.6803	-2.62354
-15.3871	-2.73643
-11.5289	1.75883
-15.4898	-4.77484
-17.1852	-4.7965
-16.8248	-5.56417
-15.5019	-6.78676
-13.3716	-6.8859
-10.2378	-6.72052
-6.84531	-3.04207
-6.3239	-0.953065
-9.57727	0.499303
-13.9203	-3.70793
-15.743	-6.57596
-7.05128	-0.51412
-8.00462	-4.70486
-9.22535	-5.13011
-5.04674	-1.06415
-6.78011	1.97324
-11.5047	-4.50317
-14.5924	-4.68354
-14.3559	-7.13924
-13.5429	-6.35797
-11.9972	-4.4187
-9.47559	0.970556
-7.27458	-1.11117
-4.56829	1.96186
-8.39579	1.12994
-7.09749	-1.46123
-13.0032	-4.24266
-16.2913	-9.93962
-10.5588	-5.72376
-11.7634	-5.09025
-13.6925	-5.39563
-13.058	-5.69674
-17.9383	-7.93845
-9.22414	0.478183
-16.8457	-3.61259
-17.9035	-3.09608
-17.5373	-2.40806
-15.8601	-2.08246
-14.5751	1.15519
-12.9316	3.21518
-11.7566	5.58539
-11.4739	2.71073
-12.1655	1.87519
-13.156	-0.326784
-12.06	-1.28477
-10.9656	-3.89522
-9.93774	-5.5847
-10.0083	-6.78204
-9.80894	-7.4148
-9.85116	-8.74249
-10.0801	-7.05273
-10.4143	-4.94705
-11.9016	-4.21935
-12.8576	-5.39898
-11.446	-2.09043
-6.80056	-0.225599
-6.2146	-3.38905
-6.99832	0.703151
-11.151	1.06304
-11.1261	-3.13941
-13.9789	-1.52383
-13.6932	-3.68936
-18.2946	-4.04082
-20.6463	-3.45196
-15.0618	-8.6364
-16.7072	-4.76092
-15.994	-4.60344
-15.1945	-2.96295
-14.887	-0.508637
-14.3261	-4.57363
-13.898	-2.84327
-12.3855	-1.42361
-14.5226	-5.4059
-13.7637	-4.82513
-14.6738	-1.96964
-13.609	-3.20163
-14.4981	-2.95891
-14.977	-3.37165
-17.5501	-4.97432
-14.8894	-0.845776
-12.4056	-0.518839
-17.726	-1.80176
-15.5962	-0.383563
-16.5247	1.62713
-17.277	1.7271
-18.6583	0.408006
-15.4161	1.95097
-18.6903	4.92667
-18.042	-1.04519
-15.8735	-4.89015
-15.2937	-3.59515
-16.3429	-4.85489
-14.5503	-5.55167
-11.9711	-4.81194
-12.9625	-10.3497
-14.7345	-11.521
-13.3163	-11.6033
-12.4832	-7.98732
-17.3314	-12.5104
-13.655	-6.77377
-16.5113	-9.18435
-15.2704	-9.86932
-14.8002	-8.46034
-15.3961	-5.07037
-11.7002	-4.38257
-4.16914	-0.0829817
-2.11827	2.5018
-3.18107	2.80535
-3.76615	1.33501
-1.38559	2.07567
-3.19083	5.58433
-10.5511	-3.95307
-18.5087	-5.50537
-21.8711	-6.05058
-21.549	-5.73034
-22.349	-5.64977
-20.7893	-6.90774
-19.7531	-6.93139
-19.7323	-6.84015
-19.0996	-6.37616
-16.4167	-2.1081
-10.9455	8.51364
-8.26199	7.23978
-4.3644	5.62513
-5.48553	8.71728
-4.92252	8.64295
-3.62243	7.36229
-3.92766	6.20926
-2.98223	6.73605
-1.48041	9.9762
-1.6044	2.33387
5.33582	-5.33056
6.13743	-6.71198
7.84749	-8.38925
8.19552	-9.60548
7.31546	-10.8396
5.64388	-11.3409
2.5699	-10.6381
1.04227	-11.7568
-2.85272	-10.5866
-6.56235	-11.2184
-10.9995	-10.3887
-13.6949	-9.84771
-15.222	-9.21064
-16.2342	-7.9464
-14.3203	-8.02747
-13.6021	-9.39582
-11.8699	-10.7213
-8.61087	-11.2055
-4.83572	-6.3247
-6.03558	-2.75318
-4.42552	-4.82662
0.19778	-6.97208
-0.00921667	-8.24235
-1.61682	-7.02194
-3.76667	-5.35975
-8.3662	-5.53388
-10.9761	-7.33871
-11.7583	-6.97784
-10.0959	-4.6498
-5.9776	0.529482
-6.45045	3.79255
-8.03586	2.13573
-8.00937	-0.168014
-8.18602	3.28581
-7.42859	2.99161
-7.28239	-0.353712
-11.9499	0.0250326
-3.25282	-3.09525
3.16373	-10.3428
5.13067	-12.2618
3.115	-9.94864
3.9081	-7.92468
1.41166	-4.49049
-0.729129	-2.98025
-0.950857	-0.481213
-5.33539	-4.04832
-12.4283	-8.56709
-12.3749	-4.99388
-8.07117	-5.40976
-8.84955	-4.59582
-11.2629	-4.60247
-10.8431	-5.42825
-8.27978	-6.80612
-10.7958	-4.95463
-11.9203	-3.73395
-16.8986	-7.20198
-16.3548	-7.31545
-15.6692	-7.94888
-15.2573	-6.98003
-13.5319	-7.35698
-11.8836	-5.73844
-8.1904	-1.077
-4.31124	-1.46109
-11.4389	-5.0899
-13.8225	-5.21726
-11.2994	-9.32535
-9.93457	-5.70183
-12.0066	-8.37613
-14.2835	-9.51021
-19.6645	-7.25712
-12.8644	-6.68196
-14.8025	-11.3015
-15.3784	-4.96168
-17.403	-9.34381
-10.1015	-4.1741
-14.4071	-10.4389
-15.058	-10.0707
-16.95	-10.1834
-17.7369	-10.0785
-16.9353	-10.5247
-16.8776	-11.1453
-18.1167	-9.13293
-17.7127	-10.0836
-16.5088	-9.87665
-14.9676	-7.33083
-14.7507	-6.30991
-12.7239	-6.66181
-10.4522	-3.4497
-9.43029	-3.16031
-8.30937	-6.19855
-9.76422	-5.67833
-10.8732	-5.5707
-11.9177	-4.90665
-12.3188	-3.95675
-8.44132	-1.87724
-8.92144	-5.78853
-13.9182	-6.07391
-15.0542	-5.2804
-14.8038	-5.65261
-13.9058	-7.05898
-11.6743	-8.14414
-9.88654	-7.65792
-4.76035	-9.98716
-0.606303	-10.2694
3.49644	-10.7653
5.66598	-10.3011
3.74038	-12.6125
4.11837	-10.7854
4.70777	-11.9638
2.99164	-8.2041
-3.82316	-0.786996
-3.10178	2.38025
-1.18901	3.15775
-1.24459	2.45898
-1.58056	3.81144
-2.7478	4.91947
-4.44014	5.21851
-5.52397	6.83355
-9.1389	0.466165
-5.90103	-5.84764
-4.77467	-9.41456
-3.94884	-10.2968
-2.8903	-11.91
-2.77326	-12.9075
-3.26677	-10.4128
-5.99968	-3.92109
-8.38834	1.21619
-9.96574	0.620256
-9.33364	-0.305206
-9.15264	0.666978
-7.85193	0.614766
-6.22579	0.277273
-3.81243	0.196873
-13.3406	0.233263
-6.5106	-7.14915
-9.50652	-6.29807
-11.5716	-4.44915
-12.9101	-0.859456
-14.0503	-1.80065
-15.1399	-5.08515
-17.7928	-5.64578
-18.5269	-5.35288
-21.3742	-2.54548
-23.5811	-2.04994
-22.7648	-2.88291
-21.4557	-5.60441
-18.4938	-3.60754
-19.487	-5.22468
-21.547	-6.15409
-24.3731	-6.24019
-25.1244	-3.0941
-26.0357	-3.23983
-26.9358	-1.93503
-24.8946	-2.8817
-25.1899	-2.57221
-17.0397	-6.19402
-21.2936	-3.17131
-21.8696	-5.67897
-16.5328	-8.42557
-12.7828	-1.23356
-14.5489	-5.02225
-16.489	-3.64895
-14.6506	-8.18406
-15.9856	-4.78028
-12.442	-5.21998
-12.1977	-3.59244
-14.7311	-5.99262
-12.8575	-7.11004
-13.8935	-3.79732
-12.2939	-5.28561
-12.6118	-6.14664
-11.7751	-1.90989
-12.8499	-2.63567
-11.3445	-2.80123
-11.9021	-0.258155
-12.778	-1.73598
-13.8798	-5.17609
-13.5482	-3.98649
-10.3944	-2.64644
-8.92712	-4.76388
-13.6195	-8.52206
-11.8535	-4.09483
-6.83166	-3.73078
-10.9552	-0.605147
-11.3451	-1.95244
-8.98548	0.285619
-8.20519	-7.03023
-9.47522	-3.39076
-11.0334	-1.80117
-7.74242	-3.88705
-7.26068	-2.16361
-10.564	-8.05611
-10.9335	-8.41068
-13.0658	-6.45033
-16.9413	-9.03336
-16.6133	-4.87551
-15.4085	-7.72862
-13.2613	-8.01616
-13.6517	-5.2421
-8.67643	-4.59728
-8.20113	1.03185
1.22034	3.33333
2.61596	-0.497665
1.5898	-0.0555876
3.37401	1.15431
0.29584	1.41233
-0.701197	2.42782
-7.63591	-2.98793
-4.6368	-9.13052
2.5886	-2.29368
1.23721	-4.0146
-0.672205	-2.01292
-2.73398	-3.56415
-5.56783	-2.38676
-8.25348	-3.52238
-8.71323	-5.1279
-7.6387	-6.70934
-9.88333	-3.68745
-10.1221	-0.320283
-12.3841	-0.484617
-14.5896	-2.25191
-16.0237	-4.85777
-18.6521	-6.64338
-19.7486	-6.83714
-21.7765	-7.46646
-21.3212	-5.56687
-22.8004	-3.53364
-21.2771	-1.6903
-13.6888	0.857977
-5.08601	1.84036
-3.52716	-1.40771
-2.69701	-0.627146
-3.54298	2.21991
-1.50406	0.252219
0.264374	1.69897
-0.924483	6.78214
-5.65025	1.78936
-4.67242	-6.93409
-10.1129	-3.13494
-11.5256	-5.58961
-17.04	-8.90028
-14.8497	-10.5694
-13.1777	-8.3869
-8.39229	-4.37096
-11.0003	-4.51834
-13.0903	-8.22283
-13.8417	-8.30368
-14.5661	-7.86338
-15.099	-8.54978
-15.4342	-7.49438
-14.1963	-7.82292
-14.7971	-6.88931
-15.413	-5.55023
-13.4893	-6.02432
-11.7894	-5.59325
-10.2899	-5.65092
-10.9879	-4.8669
-9.13547	-7.97011
-10.2652	-6.93688
-10.1917	-7.53677
-8.91161	-9.11427
-9.1507	-8.90806
-8.00593	-10.3377
-8.75046	-10.6882
-8.564	-11.0591
-8.45931	-11.5896
-10.2685	-10.8393
-11.7105	-10.8872
-13.1385	-10.4608
-15.7436	-9.13474
-17.2291	-8.62545
-18.7422	-7.88799
-20.1156	-6.52262
-20.5843	-6.38256
-20.4469	-6.19529
-20.6807	-6.88558
-19.8975	-7.5454
-17.983	-11.0637
-15.5715	-10.5186
-12.4524	-6.29873
-13.5196	-1.34288
-12.1596	-11.6284
-18.5077	-10.8051
-19.5678	-13.3469
-20.4199	-13.6521
-20.7263	-9.37791
-21.7119	-9.09725
-20.65	-9.89138
-20.7981	-9.54472
-21.1065	-10.9279
-21.6643	-9.56209
-19.763	-10.4304
-15.1665	-3.4337
-11.1604	-1.73913
-6.49594	-0.207802
-3.65671	4.50939
-1.96521	2.54149
-0.841257	0.856838
-3.8178	0.50796
-4.94805	-3.53134
-10.5534	-4.26421
-7.97381	-4.14752
-7.89144	-7.53013
-6.53649	-2.61228
-11.9531	-4.18713
-11.2052	-7.94246
-11.1144	-2.14204
0.851519	0.658774
3.29927	-3.57805
3.76111	-5.10796
2.94535	-8.81289
-2.11063	-1.87286
-6.43992	-0.471881
-4.56045	4.54367
-4.82151	2.402
-3.54516	5.07827
-4.7398	5.063
-4.29074	3.16046
-2.62964	0.981596
0.80334	-0.564773
-1.19148	1.49169
-5.28265	1.71608
-15.5838	-5.26433
-16.2777	-5.26095
-13.9884	-6.18901
-12.5218	-7.61444
-9.92578	-7.82124
-6.77575	-6.6334
-5.52244	1.72227
-4.85848	2.57464
-3.2939	2.54146
-5.18914	3.05407
-6.45176	-1.43642
-12.6826	-10.1899
-13.6221	-3.08365
-11.8691	-6.80748
-6.71389	-2.50706
-7.21669	-3.21634
0.69526	1.4702
0.322291	-2.19812
-1.1301	-2.13201
-1.34908	-0.106153
-0.614362	1.53281
0.373317	-0.0983638
-2.70656	0.577386
-4.96757	-1.10078
-10.2305	-1.08327
-12.8367	-4.14114
-16.0581	3.18665
-13.6879	10.0722
-9.43756	0.251786
-10.6915	-2.76413
-15.7134	-2.53654
-14.1645	-0.922019
-11.3546	-1.09973
-20.5214	-18.95
-21.8575	-20.6765
-13.0033	-9.12061
-4.0898	-4.05748
-8.47205	-11.0855
-13.5362	-4.89175
-12.6723	1.78723
-11.2506	4.53831
-10.4712	5.95239
-9.49916	4.37605
-7.2902	-2.54039
-1.9987	3.78944
-2.83693	1.32237
-9.26451	-2.21425
-8.90325	1.03
-10.7251	-9.87183
-8.69474	-2.88907
-9.46403	-5.83571
-13.5393	-3.77204
-15.2908	-4.71518
-22.351	-9.30844
-23.0269	-9.76931
-23.4033	-8.68593
-23.7143	-9.48027
-22.5722	-10.225
-22.2838	-11.9176
-21.319	-11.9173
-21.2612	-11.2412
-19.6774	-11.7972
-19.0269	-10.3269
-18.2789	-8.84246
-18.2609	-2.70566
-16.4853	1.45319
-8.50342	4.89506
-8.40971	1.39007
-7.21946	1.26147
-7.68775	2.51927
-6.07544	1.57345
-7.25063	3.67433
-9.25903	5.16892
-16.6799	0.0393082
-16.3875	-3.68908
-17.1918	-3.66492
-17.6162	-7.04465
-17.2835	-5.03127
-17.4351	-2.75492
-15.739	-4.82036
-12.9337	-2.39949
-11.642	-2.41326
-9.48045	-0.633047
-7.50779	6.1006
-6.54499	8.11351
-9.40274	6.98836
-13.3144	5.11479
-15.8895	0.905539
-16.0995	0.803717
-18.4599	-1.78204
-17.2736	-1.71802
-18.4878	-2.49774
-17.3583	-3.6786
-18.9639	-3.56882
-20.8849	-4.88607
-18.9578	-2.53492
-17.2858	-1.35479
-19.1172	1.03215
-16.5739	0.149961
-17.8849	-2.8228
-18.8211	-1.44903
-18.1055	-1.65429
-17.7718	-0.0230704
-17.6061	-1.01224
-13.0743	-3.29396
-9.53032	0.518043
-9.54399	-4.85408
-10.5802	-4.60683
-12.2501	-7.87656
-11.8163	-7.24197
-13.9335	-2.41277
-16.5092	-1.4689
-15.1122	-0.0657408
-16.053	-4.91189
-16.0749	-6.06422
-14.6635	-6.98976
-16.5909	-3.31032
-12.2823	-14.2128
-11.1337	-19.1672
-10.1374	-17.0459
-9.15239	-14.6272
-9.41562	-18.3478
-9.88468	-14.5094
-9.86685	-11.3977
-9.48783	-8.21746
-6.26039	-3.97984
-4.9097	-1.20977
-3.74104	-1.58772
-4.38627	-0.238959
-4.03798	-0.0761727
-3.84719	-0.138141
-0.960403	0.679204
0.417355	2.38607
2.31389	-4.76539
1.98752	-1.44573
-2.97919	-0.0230613
-6.39727	0.179866
-11.7315	0.0951556
-13.4826	0.809511
-9.13155	-4.00473
-13.8805	-0.626403
-15.419	-18.7869
-17.5803	-18.5549
-19.3363	-19.4261
-18.7639	-19.5548
-19.2366	-20.4836
-17.7427	-20.8626
-18.0915	-22.2123
-16.7489	-23.8826
-16.6818	-23.9434
-14.9251	-23.7582
-12.2768	-23.3552
-9.09317	-23.8397
-11.2886	-21.6887
-12.1801	-16.4414
-11.5342	-14.3584
-11.178	-11.5739
-9.59086	-10.2541
-9.32798	-3.53595
-8.14337	-4.22065
-14.5542	-4.47225
-17.4702	-9.41577
-17.6421	-10.2699
-20.4263	-10.3665
-19.0847	-9.86163
-19.2673	-7.83056
-20.0756	-7.30457
-18.7183	-7.73537
-10.9886	3.99711
-10.8189	3.32386
-9.65456	2.03124
-6.38331	4.52566
-6.96166	3.52603
-5.63686	2.98894
-6.20386	-0.504951
-5.58258	-1.64669
2.40191	-6.65907
7.93978	-15.4903
8.16394	-17.5283
7.22056	-17.5591
5.84361	-18.8842
5.08977	-19.2561
3.60377	-12.1144
-0.875968	-8.0024
-2.67947	-6.32178
-3.94522	-2.80083
-3.51658	-2.40072
-8.16832	-9.91378
-10.0132	-11.2354
-13.8762	-11.5527
-16.1043	-10.199
-17.0419	-8.15815
-19.3478	-4.68363
-18.0346	-5.2207
-8.95619	-6.98745
-9.56821	-6.22955
-11.8315	-5.22336
-10.5408	-4.19375
-12.2688	-4.04567
-11.4878	-4.29712
-12.9371	-2.62776
-8.39034	-4.21345
-13.4885	-7.29144
-9.09619	-7.82036
-7.44639	-3.87014
-2.88016	-4.86437
3.77099	-4.01321
3.23456	-0.136611
-1.65342	2.82003
-7.87782	1.92555
-6.7312	1.28998
-4.6326	0.889925
-6.46579	2.3348
-7.08181	4.11272
-6.13612	3.21148
-5.42134	3.00907
-2.80821	-4.47332
-8.9861	-8.03837
-13.2537	-10.1983
-14.3918	-8.52405
-14.951	-4.29832
-12.4903	3.78178
-13.3878	7.81249
-11.2184	7.3085
-9.28261	4.9842
-6.31376	-2.71403
-9.83109	-4.19077
-14.2784	-10.993
-18.9008	-8.23781
-19.9664	-7.43496
-21.6983	-4.85129
-22.616	-4.08689
-22.7449	-4.98632
-23.2368	-3.16198
-23.1034	-3.0934
-21.5802	-3.68658
-20.8928	-3.02916
-17.8096	-4.28236
-12.4773	-2.10991
-16.1788	-3.67567
-20.1117	-2.84224
-22.0176	-5.34533
-23.2855	-5.55812
-21.5173	-8.46643
-19.9921	-2.10431
-21.0242	-5.49717
-17.0119	-4.1602
-17.738	-5.00528
-13.4887	-3.60091
-13.6136	-6.53278
-13.1967	-8.14218
-10.2655	-1.67318
-14.0844	-0.412997
-12.8583	-0.365015
-10.5848	0.510793
-10.5832	-5.55214
-13.5886	-7.13098
-14.7479	-4.1193
-17.3531	-3.41471
-16.3623	-6.15681
-14.3018	-7.02737
-13.517	-6.54235
-11.6555	-6.94296
-12.7072	-7.58854
-14.0711	-4.25832
-10.4669	-3.26153
-9.88505	-0.0220376
-11.7407	-2.97178
-11.6935	-0.542834
-8.61392	0.825131
-10.1303	0.156717
-8.77353	1.00006
-9.14628	-1.36151
-7.35265	1.9885
-11.2607	-5.57435
-7.49533	-2.85937
-7.49339	-3.25168
-8.47148	-3.75615
-11.4586	-5.71376
-8.45421	1.74032
-8.0131	-1.95249
-11.3838	-3.45564
-8.70641	-3.33027
-11.5641	-2.0451
-8.9534	-5.6675
-10.9814	-2.28421
-9.10339	-1.64617
-9.15504	-11.0569
-9.54274	-18.3351
-11.2233	-19.4937
-10.115	-19.0396
-9.61902	-18.4438
-10.6766	-18.9734
-11.3238	-16.208
-11.5866	-12.8302
-12.8554	-6.64084
-7.74695	-0.195639
-4.17773	2.30148
-4.09742	1.90927
-3.96802	2.66315
-2.49393	3.44032
-2.75166	3.07068
-3.50517	3.87578
-5.42257	1.46535
-4.86574	3.77339
-5.35304	5.68793
-7.05132	7.1748
-8.14111	7.57498
-9.05653	7.08853
-10.4215	7.28022
-10.6253	7.09393
-10.2835	5.63559
-15.361	-1.16257
-19.8477	-7.13393
-20.5368	-5.80333
-20.5977	-5.11468
-20.9101	-4.00385
-20.9502	-3.43215
-21.0392	-5.64993
-19.31	-7.57446
-21.3032	-10.5371
-22.2367	-12.0192
-18.7264	-8.50387
-16.6069	-7.83118
-15.3414	-0.876824
-15.4413	1.30415
-18.3064	-1.62053
-22.671	0.996591
-18.3723	-2.00487
-19.1953	-4.22842
-18.2975	0.0452749
-17.5334	-1.70469
-11.6895	-4.59163
-11.6713	-2.93536
-9.85853	-5.67874
-10.2061	-16.1308
-8.88524	-5.76333
-8.6794	-3.00771
-8.62228	3.25868
-5.02908	6.66582
-2.52119	1.20515
-9.63596	-0.533878
-9.03294	-1.67634
-11.5069	-3.81842
-11.2961	-4.16641
-8.77615	-5.46964
-12.4188	-3.93252
-8.49002	-1.13726
-14.956	-5.60724
-14.1549	-8.96152
-11.2559	-2.36572
-10.5518	-5.27393
-11.8642	-7.50965
-14.7838	-6.79857
-14.9884	-5.44058
-13.3393	-3.24768
-10.8609	-1.10729
-8.75457	3.67217
-8.70239	1.56352
-4.09601	-3.8391
-5.67265	-4.32676
-8.48168	-3.89491
-12.0763	-12.0428
-14.5715	-7.74579
-13.3889	-5.01412
-10.4351	-9.09942
-9.6468	-6.08846
-14.1086	-3.13177
-12.8	-4.73112
-10.3958	-3.59331
-12.5296	-6.3407
-16.0124	-4.73065
-17.0276	-7.4545
-16.049	-5.85171
-12.8903	-6.43418
-10.7031	-5.64536
-11.8041	-6.38619
-16.9709	-8.218
-18.0188	-9.5582
-18.6493	-8.39717
-18.4572	-7.64593
-18.3402	-7.32878
-17.3449	-9.05208
-15.9033	-6.3017
-13.0438	0.639352
-7.31367	2.70405
-10.2988	-3.92098
-8.11336	-3.88626
-8.49935	1.91674
-5.90259	3.5141
-7.31849	4.36177
-8.80693	3.12213
-9.25513	-0.235785
-8.37286	-3.10128
-7.89336	-2.59863
-14.9253	-3.24065
-16.0965	-5.87102
-10.7296	-4.22267
-2.34055	2.21667
-1.67858	-2.65865
1.14186	-2.71402
3.66762	0.973589
3.38015	-1.03662
4.60555	0.981352
4.41708	3.1365
8.5286	1.86653
7.16996	-0.220673
8.85947	0.139196
9.14796	1.39887
5.23503	3.74381
0.640024	3.10373
-1.95231	1.74146
-3.86717	4.08364
-1.54798	2.19958
-0.821886	3.39309
-1.64976	1.10107
-4.57065	2.08541
-6.25314	3.7379
-6.6154	7.44946
-8.8059	9.04988
-5.59668	9.27573
-5.56866	6.07128
-4.2988	2.38905
-7.32151	1.00604
-7.55612	-0.395994
-10.2956	-1.46339
-11.7068	-1.82084
-12.8846	-6.05247
-16.6889	-8.49481
-18.927	-6.88228
-19.9226	-8.18095
-22.3274	-6.78669
-22.6897	-7.43704
-22.5857	-6.65515
-23.1111	-9.83497
-21.6743	-10.6183
-22.2952	-13.1632
-22.4323	-14.4831
-22.0389	-10.595
-20.6973	-13.9259
-11.6281	-6.27412
-17.2446	-5.89108
-19.0371	-9.85816
-17.5819	-10.4759
-18.7974	-5.24411
-20.5646	-9.29109
-17.137	-7.47603
-16.4407	-10.4279
-15.9217	-7.68828
-15.1681	0.994848
-14.2723	-5.66864
-16.3436	-6.94839
-16.3469	-4.89077
-13.6797	-8.31599
-16.2026	-8.49937
-16.4927	-6.82529
-14.0746	-7.68022
-13.4869	-4.99624
-13.5527	-7.21305
-12.6178	-0.863333
-18.0601	-3.62322
-14.1238	-3.63337
-18.2254	-7.06539
-18.9776	-6.48691
-17.1243	-7.28603
-16.4482	-3.96828
-13.1261	-2.58402
-3.96353	1.11207
-4.34568	-0.0790202
-4.0722	-5.1765
-6.32223	-5.24981
-5.13647	-4.65233
-8.54783	-16.8328
-8.22595	-8.51636
-6.90449	-7.61357
-12.9406	-11.0621
-8.72574	-10.9428
-12.4044	-5.71381
-13.3052	-7.4588
-12.8011	-7.82472
-8.95338	-5.10717
-10.9273	-3.74145
-9.87431	6.43585
-9.26357	-1.59416
-11.249	-0.170215
-8.50449	0.473111
-8.73639	4.11667
-10.218	8.30356
-3.19953	11.2717
1.63598	11.5802
4.32236	3.51777
5.0092	-7.83343
-1.16604	-1.00772
0.770154	-1.10875
1.83897	-0.663278
-3.57332	-4.1036
-1.39838	-1.16162
-4.06526	-5.08952
-6.59649	-0.36681
-7.30374	0.542211
-7.28638	-1.79934
-12.1543	-11.1764
-11.873	-9.32113
-3.07539	1.58416
-6.78438	-5.77232
-9.37638	-6.29365
-9.57305	-7.95613
-9.19603	-9.45203
-9.2613	-9.16855
-8.92076	-8.42902
-6.6402	-8.95024
-1.75369	-6.65469
3.71038	-7.85794
6.79242	-6.11822
5.45578	-6.00131
8.8063	-3.56298
7.02116	-1.35891
7.42432	-6.36567
6.12958	-5.93731
0.709462	-4.20565
-3.4817	-7.36411
-5.50355	-8.13927
-6.00524	-6.79153
-5.85311	-8.26727
-5.88994	-5.97602
0.0407022	-5.50276
4.27095	-7.00607
7.65256	-6.93778
5.9058	-4.41509
6.02086	-3.15253
1.64383	-2.32318
1.67387	-4.28933
-0.793419	-2.06505
-0.881008	-1.79715
1.20514	1.01365
1.55105	6.23582
1.40918	3.85339
0.459799	2.39019
0.371744	1.57637
1.38648	-1.31671
1.23592	-1.51083
2.96347	-2.88046
2.28635	-4.71509
-1.56076	-1.94121
-3.24347	-0.680013
-6.08754	2.68587
-7.30856	3.02481
-8.24551	2.66747
-10.2348	2.51017
-12.7426	0.340859
-13.3486	-1.76924
-14.6877	-4.26762
-14.4846	-5.27642
-13.7742	-6.30923
-12.6259	-6.02828
-5.28493	-7.35409
1.99654	-6.00292
0.118878	-4.08621
-7.8873	-4.78539
-10.6697	-9.92997
-11.6656	-10.0565
-12.8279	-3.94928
-12.5287	-1.57477
-8.35888	-1.6506
-15.4486	-5.1446
-13.4929	-8.18154
-11.977	-7.15396
-5.8557	-0.648686
-4.858	1.91265
-6.7681	-0.696752
-13.6247	-2.09142
-14.1045	-1.29496
-12.1566	-0.226961
-13.7728	-2.67945
-9.22671	-2.04494
-12.3334	-2.98946
-22.4919	-10.5801
-23.6994	-13.0394
-21.3263	-5.83522
-18.3125	-4.08475
-3.70205	0.954
-5.33689	-0.465594
-3.13145	0.228075
-0.572427	-1.91787
0.459601	-2.85282
1.19316	-5.74898
1.17997	-4.19371
2.289	-4.84683
3.90787	-1.10224
6.35168	-0.870342
6.4177	0.918393
2.72832	2.74641
2.62717	5.085
-7.5756	-3.358
-11.4465	-8.74151
-9.18085	-3.78537
-11.3388	-10.0877
-4.74457	-3.04792
-5.73104	-1.31833
-6.9164	-4.4745
-2.52874	2.78453
0.98134	-2.45083
2.01185	-3.37275
0.522259	-2.2292
-1.4337	-2.57624
-3.0338	-1.31234
-2.81144	-1.17146
-4.03858	-1.14782
-3.68768	-3.60944
-3.88592	-5.61887
-5.28944	-7.11461
-6.1058	-6.97683
-6.26615	-7.43742
-7.81784	-8.89194
-8.90163	-8.52291
-9.87669	-7.68935
-9.99328	-5.95191
-9.49402	-4.05464
-5.23469	3.07661
-2.26749	4.51274
-3.55228	3.88589
-4.24786	4.46026
-4.63139	5.52907
-3.26473	1.87299
-0.522243	4.68465
-0.65782	5.58077
-0.795845	1.06952
-9.56375	-2.40036
-11.2673	-8.55172
-11.7828	-3.76595
-12.2007	-1.97631
-8.16916	-1.46646
-11.1077	-5.83608
-9.50501	-3.8576
-8.33092	-2.62466
-4.10822	-0.831776
3.61974	-0.448088
3.67262	-4.22119
3.1108	-6.96535
0.686866	-6.97042
-1.89853	-6.69089
-1.95785	-6.86086
-3.87859	-7.93999
-7.73611	-6.66588
-10.9871	-5.72327
-11.3682	-4.26103
-10.3076	-3.03703
-11.9834	-4.39214
-11.818	-4.07964
-7.95589	-4.87492
-6.29428	-3.8466
-4.30543	5.55924
-3.55039	2.56582
-7.0533	-10.6242
-5.99212	-12.763
-4.98584	-13.3739
-6.53358	-16.5291
-6.66258	-14.2962
-9.81462	-5.50802
-8.82714	-7.04561
-10.6441	-7.92729
-12.4765	-7.07152
-12.826	-8.81779
-12.407	-10.8364
-10.6318	-10.2132
-9.52388	-7.1277
-5.7627	-3.76969
-7.41319	-5.66095
-11.3675	-6.25866
-6.87517	-3.54172
-4.29643	-2.98372
-8.99596	-5.65381
-6.90624	4.69203
-3.4419	2.4835
-3.47566	5.75396
-4.57361	5.35748
-2.39604	3.02525
-2.69281	2.62488
-1.4342	2.84186
-1.7432	3.43702
-0.417708	2.36919
2.5005	0.65339
-0.828485	-5.18978
2.985	-2.42154
2.09881	-6.28784
-1.90053	-9.64767
-6.92495	-9.5203
-11.868	-6.60093
-15.6749	-6.22365
-17.9929	-6.86937
-18.6242	-8.7712
-16.2774	-9.47624
-14.0143	-5.67501
-14.341	0.774425
-16.4641	-5.13069
-18.3709	-7.92024
-15.9104	-7.39305
-14.6936	-2.9811
-16.3729	-5.60356
-25.9042	-1.46242
-22.8352	-4.33706
-5.63254	-9.9965
-1.23747	-7.211
-6.38882	-6.03956
-6.19918	-7.5335
-12.0598	-7.84601
-5.341	-5.89936
-10.7021	-8.64614
-8.27545	-7.61616
-9.37066	-3.47305
-7.20408	-5.57655
-2.7746	-6.89415
-0.482871	-0.553603
-1.98865	-2.47146
-5.56914	0.998626
-4.37421	1.28413
-4.9461	3.32871
-6.40952	3.47767
-2.91105	3.98036
-5.9603	0.936219
-7.23501	-4.7958
-8.32696	-4.63359
-7.4583	-6.49474
-6.4591	-8.71405
-6.52069	-10.2663
-7.09502	-11.2533
-7.30279	-11.5711
-7.46772	-11.3637
-7.90542	-12.6496
-7.09444	-13.5001
-4.99896	-14.2771
-4.44818	-13.0544
-3.80107	-10.4417
-0.952329	-12.9897
-2.99287	-11.7112
-6.59686	-6.48043
-1.24461	-6.40355
-4.18839	-7.62411
-3.71633	-6.54946
-1.98776	-2.42886
-11.8824	-4.90172
-10.7933	-5.46225
-4.47621	-7.61864
-14.2459	-10.0917
-13.214	-11.1367
-8.73565	-2.59855
-7.98581	-5.6966
-10.4236	-3.04193
-7.65833	4.13471
-8.74929	5.59566
-9.20665	-2.00649
-9.47467	-4.73363
-11.9713	-3.42891
-11.1314	-3.47206
-18.2156	4.44551
-11.6178	-0.221142
-10.9165	-7.07088
-14.8237	-11.0984
-14.492	-11.9164
-9.53524	-8.76725
-6.08832	-3.35978
-2.43176	-0.686454
-8.75831	-4.5385
-12.4662	-5.83998
-11.8496	-3.24254
-13.0299	-5.96811
-11.129	-7.83662
-11.7827	-4.69692
-10.6058	1.87233
-8.91568	-9.77529
-12.0882	-10.0967
-14.1065	-10.8092
-12.745	-11.9886
-11.4524	-9.37618
-8.59033	-2.15732
-7.53158	-0.109817
-5.58318	-1.74948
-5.31806	-3.1606
-2.36691	-0.643542
-6.52371	-5.22526
-6.22335	-0.307462
-20.9988	-8.83451
-17.1366	-3.92863
-15.0514	-3.45628
-16.3509	-1.33777
-15.402	5.45607
-12.1141	8.65535
-12.744	1.73636
-12.4894	-5.94714
-11.2531	-5.47213
-10.5343	-2.69348
-8.96481	-1.20318
-5.82191	0.182784
-8.89121	-4.39745
-10.2902	-7.692
-17.5079	-1.91601
-15.4323	2.92344
-2.97922	1.36513
-0.564049	-6.30616
-2.50132	-10.0204
-4.80461	-9.54548
-6.32112	-10.145
-8.29273	-9.26628
-8.78637	-6.23235
-6.35843	-2.52745
-2.37813	0.259855
-6.47137	-5.73319
-8.73412	-6.65468
-8.70691	-8.97384
-9.61257	-8.20153
-12.0758	-9.46204
-17.056	-9.847
-20.9116	-7.07752
-21.5559	-7.81781
-20.7553	-8.62592
-19.439	-6.12499
-13.4586	-1.50878
-11.528	0.747627
-10.8457	2.68523
-10.9533	1.37296
-8.8618	-1.0787
-8.13734	1.00759
-10.4052	5.68568
-5.36963	0.762195
-4.32532	1.22048
-8.84318	-0.963614
-13.0089	-6.46753
-17.3156	-10.324
-17.9903	-9.61479
-19.4031	-9.99268
-18.971	-9.16203
-17.058	-9.82808
-12.4075	-4.38618
-11.9021	-6.61076
-16.2922	-10.8196
-19.3328	-10.1224
-20.4608	-9.65921
-19.5747	-8.82043
-17.6749	-8.80168
-14.0538	-6.48648
-11.6132	-3.62455
-7.78268	-6.51902
-7.26031	-1.92678
-6.53542	-4.16333
-8.77659	-5.61149
-11.7578	-5.20727
-12.7862	-5.35651
-14.6647	-5.14796
-13.2849	-3.77974
-12.3748	-6.37102
-10.5077	-8.19202
-16.1627	-6.28084
-11.8539	-1.7411
-14.1815	-1.43591
-17.8387	-3.64321
-15.9744	-1.89585
-10.1778	-6.5489
-17.9708	-13.3609
-10.0099	-5.31215
-17.6526	-6.23197
-20.5202	-7.09009
-21.0468	-6.04536
-20.4627	-3.62804
-19.9905	-4.01575
-20.5677	-4.48943
-19.3245	-5.67709
-16.7724	-6.98719
-16.5473	-6.60951
-17.0596	-4.48858
-16.3919	-4.9672
-19.2004	-2.33911
-20.1029	-4.60738
-14.842	-6.5681
-16.7042	-8.39334
-17.397	-7.79692
-13.8587	-7.58136
-13.6281	-5.01225
-14.4713	-8.09039
-14.8756	-8.48992
-10.734	-1.7625
-11.9116	-1.40633
-11.6506	-1.55798
-10.6912	2.97555
-14.4692	-1.78305
-11.2091	-4.72056
-10.6531	-4.15165
-4.83791	-0.34948
-0.638655	-0.336672
-0.0142972	3.87042
0.509328	0.69675
-2.36975	3.8388
0.388741	5.17634
1.1305	2.49117
-3.08506	3.77506
-9.54383	1.64795
-11.1892	0.942247
-11.9529	-0.2028
-13.6423	0.711323
-14.2788	1.80069
-15.0072	3.74111
-13.9728	5.87393
-10.7341	7.95367
-11.6594	6.47909
-16.3607	-2.41427
-17.6762	-4.68443
-19.9763	-4.73661
-20.2159	-6.02114
-21.2392	-6.28728
-20.3649	-5.19695
-19.417	-5.62405
-17.2839	-2.16566
-7.97119	2.08605
-3.45911	5.53113
-4.07858	5.28517
-3.5011	4.16821
-4.33699	2.78768
-6.27245	4.3186
-7.83423	-2.44474
-9.71165	-1.57689
-11.2094	-13.325
-11.1561	-8.44339
-14.7247	-5.07689
-17.4697	-5.76394
-14.8696	-6.40888
-13.5693	-5.15927
-10.2635	-4.52875
-5.49921	-0.838973
-4.04938	3.77206
-3.46095	1.35761
-13.1086	-5.52653
-11.1557	-6.29081
-15.0341	-11.5291
-14.1595	-7.65637
-12.4174	-5.00313
-11.5281	-8.32252
-7.74962	-3.29311
-6.98203	-5.28376
3.18504	-8.48337
2.85334	-13.4638
2.5242	-14.1238
3.80699	-14.8976
1.18169	-10.306
0.339284	-5.3283
-2.77634	0.318949
-1.78205	-0.412887
-0.920645	0.433311
1.44304	-0.0504376
4.48274	-1.05613
2.35733	0.907204
-5.13373	0.516989
-6.95581	-8.69568
-3.67999	-7.27332
-3.99428	-4.78654
-10.6131	-9.07022
3.03541	-1.02753
2.47688	-10.3694
-0.558473	-8.7972
-0.577674	-10.9618
-1.51816	-9.52017
-2.53386	-3.44648
-2.16521	2.84324
-1.8571	-0.343073
-3.9859	1.87507
-9.97474	-2.21382
-5.74959	-6.19794
-11.9953	-9.95368
-16.184	-10.4736
-18.1493	-9.92958
-20.6409	-9.32908
-22.3271	-10.2932
-19.5302	-11.6462
-15.0526	0.369417
-12.0924	5.39458
-13.2228	0.000234322
-12.9128	0.812696
-12.9589	0.43589
-19.1598	-11.6324
-22.2211	-10.8461
-23.9669	-8.24584
-24.75	-7.43583
-22.6438	-8.46553
-19.314	-5.4816
-12.2521	1.45071
-10.5313	4.29057
-14.6643	0.441628
-16.65	-3.97933
-16.7166	-4.13115
-11.7812	-6.00213
-13.0114	-4.53574
-10.2817	-3.82904
-9.18888	-9.87561
-7.53833	-8.1232
-13.117	-8.7419
-18.9632	-9.31041
-19.7416	-8.30833
-20.3692	-10.0492
-21.7382	-9.36124
-22.5182	-9.26056
-22.2046	-8.46383
-22.5784	-9.39423
-21.3182	-9.56814
-20.4095	-11.2701
-19.2791	-12.7833
-15.9477	-9.1959
-10.1955	-5.57404
-8.85596	-5.76999
-7.81276	-4.12712
-8.23043	-6.23279
-10.7615	-7.47764
-12.9179	-12.239
-18.2347	-12.3962
-20.349	-12.6458
-22.5818	-16.1912
-18.5492	-16.0203
-14.9869	-5.32049
-11.0453	-2.46951
-16.5933	-3.97751
-20.0934	-8.25222
-23.4228	-7.4601
-18.4235	-9.16717
-20.0691	-8.14976
-18.7441	-7.04034
-13.3767	-6.83448
-12.8322	-6.48435
-11.5319	-6.04524
-8.39407	-4.84212
-7.64945	-3.83609
-5.33706	-3.02861
-3.85826	-3.57222
-4.20394	0.689595
-1.96586	4.39877
-1.79256	6.48065
-1.20093	5.22062
-1.78391	5.14088
-4.43593	6.37077
-6.95909	-0.411332
-13.39	-4.59378
-15.0837	-8.62263
-15.42	-8.94704
-16.706	-8.94181
-16.5373	-9.40421
-16.8166	-9.95849
-16.5871	-9.51247
-17.3556	-6.73405
-18.0432	-4.28506
-16.3601	1.00314
-11.635	6.60353
-5.97091	0.732398
-7.62515	-5.86846
-10.4517	-2.76583
-8.53234	1.12653
-11.5169	-3.44551
-12.0121	-5.17058
-12.8596	-2.09443
-12.7135	-4.42802
-13.8189	-5.40055
-12.8592	-6.60495
-13.9363	-10.666
-12.484	-5.13515
-13.627	-8.23635
-11.3171	-5.7398
-11.5624	-8.99752
-2.67978	-0.78414
-9.05004	-9.15898
-7.25407	-9.85926
-7.03721	-10.6645
-6.73407	-10.7025
-7.09012	-10.9342
-6.76399	-10.962
-7.5473	-9.23951
-7.35183	-7.81052
-8.2909	-3.38604
-8.65487	-2.83261
-7.0871	-4.82692
-7.84462	-4.63301
-6.95877	-4.17549
-3.42594	-4.13808
-4.09409	-1.70395
-1.91372	0.26199
-4.53145	-1.79192
-7.64754	3.52573
-11.5986	-3.91186
-12.5547	-7.72099
-20.3199	-11.5755
-21.1227	-11.282
-23.5508	-9.01451
-23.9082	-9.14217
-22.9113	-8.65547
-20.8828	-10.8669
-19.2766	-10.2253
-17.1237	-8.74347
-18.8367	-9.58865
-19.6191	-7.49389
-18.8075	-7.1178
-17.0148	-8.0974
-16.1484	-7.81369
-11.8871	-9.46349
-10.1513	-5.25267
-8.7175	-1.05178
-6.73247	3.64663
-8.84928	-0.954281
-14.5275	-10.8923
-11.5912	-7.12899
-10.9513	-5.88607
-6.27468	-1.85319
-5.75124	-0.0507642
-11.9789	-2.16894
-13.6978	0.821268
-10.2099	-3.39878
-11.2248	0.908453
-13.3252	1.15072
-9.6204	-1.8361
-8.12367	2.34594
-9.94927	3.73449
-15.8726	-11.1906
-20.9216	-12.4507
-23.4625	-9.94509
-25.3228	-8.67274
-26.4241	-6.39449
-25.5589	-6.09143
-26.5953	-4.95446
-24.9391	-6.28582
-21.1347	-8.89973
-19.9862	-9.02555
-15.1744	-8.04927
-13.3667	-5.44432
-13.0664	0.346459
-17.2385	0.918839
-16.4789	0.450856
-9.52283	3.9382
-9.66967	6.52012
-10.2631	7.4417
-10.2869	6.60296
-13.4018	7.90173
-13.2053	6.64446
-15.0706	0.679229
-16.3506	-5.17909
-19.6971	-6.52353
-20.6574	-7.29569
-21.2163	-5.9761
-21.6866	-3.27003
-20.8428	-3.41029
-20.9646	-2.48051
-19.9446	-1.16066
-17.3918	-2.53515
-13.9197	-0.624659
-9.86066	4.59992
-8.35122	5.48121
-8.52426	2.74951
-9.63007	5.29754
-4.66191	-5.93183
-3.54655	-9.85676
-7.80474	-8.07355
-4.89623	-11.4127
-5.45291	-12.7263
-4.50421	-16.6917
-9.31307	-10.4428
-13.0039	-9.69707
-13.0505	-7.68638
-9.34234	-6.16686
-11.6177	-4.51492
-9.7496	-6.69515
-7.52223	-6.49085
-11.671	-7.57569
-11.028	-1.46261
-9.60275	-6.15035
-11.8657	-10.432
-10.369	-6.06117
-12.5572	-3.69102
-12.044	-6.26874
-10.9742	-1.70442
-12.2006	-3.13072
-10.2272	-1.2639
-11.7635	-4.1129
-15.4386	-2.4789
-14.18	-1.04569
-15.0691	-3.36652
-14.8718	-2.40332
-18.9121	-0.914623
-17.2259	-3.25735
-19.7788	1.99297
-20.6521	-3.02186
-19.6665	-5.77436
-12.7048	2.61039
-9.23401	-2.72531
-8.62069	-2.0879
-8.66006	1.46671
-10.0582	1.79392
-5.80751	-3.18844
-4.8942	-0.571333
-0.594277	2.35191
-10.0098	-2.92513
-9.64837	-4.00429
-11.1318	-5.9438
-14.8471	-10.7355
-17.1949	-9.06433
-16.7549	-9.42363
-14.9564	-8.57359
-13.1043	-7.29287
-10.4944	-3.21994
-5.60913	-3.19748
-7.76542	-1.99274
-13.0561	-12.8709
-11.5473	-8.09957
-11.7508	-7.75495
-3.44534	-6.835
-4.30761	-9.34173
-5.65575	-6.88762
-8.9159	-7.20017
-11.3612	-6.99643
-13.2481	-7.21891
-14.2372	-8.16855
-16.7689	-9.92721
-17.6291	-9.58741
-20.0668	-11.1242
-21.3832	-9.79978
-20.2228	-10.9051
-15.1721	-8.34585
-10.9501	0.882491
-11.4791	1.01409
-16.9761	-4.32415
-19.2093	-8.94
-16.2463	-5.19406
-12.8316	-3.27112
-9.22088	-2.50543
-21.3503	-9.40085
-22.1189	-10.6216
-21.0662	-9.02629
-20.3626	-8.27613
-18.3013	-9.0089
-14.0179	-11.3784
-9.79183	-11.5243
-8.65161	-4.42827
-7.65065	-2.11629
-6.16608	-2.92848
-7.79536	-9.24227
-9.44222	-12.1422
-9.10008	-13.7823
-9.33112	-12.7112
-9.28808	-12.3114
-9.90309	-13.5855
-9.20138	-14.6868
-9.06563	-10.7704
-9.28357	-8.14407
-5.11385	-5.57016
-3.33939	-9.79805
-6.0376	-12.3276
-7.83013	-16.4078
-9.79419	-15.5728
-12.3082	-15.9518
-15.515	-18.8505
-16.2688	-14.8909
-17.9664	-13.3127
-16.4323	-16.234
-13.2354	-18.985
-12.0498	-17.0268
-5.53236	-18.485
-5.00347	-18.4785
-1.20641	-16.9791
-1.7544	-16.5444
-0.0857684	-19.9084
-0.508108	-19.2206
-0.414659	-18.4958
-7.19714	-12.0817
-11.1123	-9.10068
-10.6875	-7.65738
-10.5153	-3.53074
-6.01428	-1.54213
-2.57019	2.45213
-5.26741	-9.72993
-12.7186	-0.572242
-15.0516	-1.21936
-14.8137	-12.7925
-9.8917	-8.38579
-11.0891	-8.2887
-12.6412	-6.59796
-8.98973	-10.4811
-6.42921	0.748315
-2.9182	-1.72876
-7.56221	-6.9917
-9.46806	-3.70263
-10.8288	-3.37592
-12.3698	-2.89688
-6.08206	1.32437
-11.234	-4.1866
-10.4944	-9.48749
-9.77591	-11.9539
-8.29327	-12.9238
-7.91096	-11.282
-9.01391	-6.21465
-5.4487	-4.85712
-1.23365	-2.44622
2.15875	-1.1973
0.555854	-3.48984
-2.74409	-12.7435
-1.91458	-12.1784
-3.90129	-11.1536
-6.94123	-7.97034
-3.23547	-7.61928
-7.77965	-7.05686
-9.12968	-6.69925
-10.8247	-8.81091
-9.90064	-4.34242
-11.9262	-1.93355
-14.7319	-1.2121
-5.11344	-7.41597
-9.94998	-4.5438
-10.615	-4.75055
-11.9281	-6.6406
-8.96224	-0.671414
-6.07043	-0.114235
-0.548815	-0.521701
-0.11837	-4.67594
0.845707	-6.19812
2.38776	-8.39885
4.22708	-8.71546
3.65771	-8.50766
3.97544	-8.08786
4.14607	-9.41361
4.21969	-7.04356
6.08647	-3.91685
2.23255	3.04666
-1.82865	5.86293
-2.32422	8.0374
-2.65689	6.07172
-1.07282	4.70412
-1.1527	3.89627
-6.68828	-0.220522
5.35	-0.167202
2.03359	0.304588
3.81009	-1.43622
1.85834	0.571533
-12.3313	0.362598
-21.3948	2.81263
-12.7108	3.16835
-14.3519	-0.255809
-13.394	-12.7987
-12.5616	-3.60868
-9.41469	-8.35044
-11.1722	-8.21181
-10.4577	-11.0384
-10.5355	-8.3525
-8.74542	-5.97325
-11.0638	-6.9605
-9.21116	-7.65757
-6.28949	-7.62597
-9.02814	-5.67161
-9.87018	-10.8487
-8.40203	-8.02179
-8.30936	-6.81368
-9.91276	-9.09912
-9.13628	-8.93268
-11.3199	-8.52095
-9.16038	-11.7384
-10.4596	-11.5589
-12.8475	-8.6131
-11.9215	-13.9903
-6.46799	-1.72694
-9.76512	-5.11723
-6.64887	-3.90305
-6.48763	-3.15401
-7.43344	-2.35088
-10.9814	-7.99119
-13.3913	-7.75524
-9.67565	-9.17853
-13.1116	-4.35027
-13.9375	-8.89544
-12.7684	-8.5221
-10.3313	-4.13117
-13.217	-5.06155
-15.3018	-1.04674
-15.7184	5.76499
-7.71511	1.44072
-6.79545	5.06026
-10.9119	-0.925168
-10.3351	2.14174
-7.83025	5.66378
-9.25316	2.63112
-11.6629	-1.87679
-6.06126	0.0054171
-10.3258	-2.3321
-8.77844	-0.977456
-9.43101	-0.986117
-11.2347	-1.51508
-10.6392	-2.23538
-7.96165	-0.309656
-12.0614	-9.90011
-11.9499	-10.8923
-7.41773	-6.13678
-11.373	-7.34666
-11.3794	-7.95365
-10.8642	-7.38116
-11.2003	-1.58865
-10.0702	-7.97414
-9.57456	-3.16168
-8.64803	-9.69747
-9.13301	-3.39793
-10.5676	-9.1613
-9.00086	-2.26584
-9.74567	-7.98982
-11.605	-7.47714
-8.50986	-0.565674
-8.32999	-4.96016
-9.43038	-4.63001
-6.07989	-4.27917
-7.30324	-2.63313
-8.72346	-3.86416
-7.45447	-6.00173
-10.1851	-3.78231
-8.31909	-5.19127
-8.64456	-6.58464
-10.2709	-7.61318
-9.18634	-7.41439
-8.22246	-4.95276
-7.41575	-3.43633
-4.75764	-12.7259
-3.98171	-8.14911
-5.50584	-2.36471
-6.24774	-5.21957
-9.87422	-5.39547
-13.0016	-5.37111
-12.52	-3.15702
-12.8736	-2.04519
-15.2274	-3.20968
-12.0704	-4.68632
-14.1735	-3.1673
-10.6069	2.75624
-8.98992	2.0345
-7.52986	-1.02033
-3.88979	2.48919
-7.70991	7.63768
-0.0351529	4.10559
-6.13782	4.39409
-9.40035	-3.44554
-15.06	-8.69912
-16.3623	-7.00844
-18.0398	-6.63603
-17.2372	-7.34076
-17.2935	-6.29205
-15.908	-5.67256
-19.0006	-1.96491
-16.5259	3.8502
-13.8661	0.0473587
-15.5279	-1.61351
-17.8473	-2.87035
-13.0177	-0.60881
-12.6244	-12.074
-11.0686	-20.2371
-11.2744	-18.1078
-12.7002	-17.1393
-12.212	-16.5128
-14.1229	-12.7035
-14.8322	-3.59222
-13.7839	0.277679
-10.0173	-1.62466
-5.48369	-2.86823
-4.68973	-1.91265
-5.95064	-0.0936122
-7.04651	3.70827
-6.12836	3.28179
-3.59897	1.35347
-7.26589	3.50476
-13.982	-3.02696
-11.2476	-4.4378
-14.0812	-3.52988
-19.3968	-9.1365
-19.7048	-7.28317
-18.7487	-6.09926
-17.8875	-5.59838
-15.3739	-6.1418
-13.0615	-8.20614
-8.5057	-9.8737
-4.92136	-8.9841
-1.96137	-4.1058
-5.18259	-1.54492
-4.82638	-0.775404
-4.67298	-0.35809
-4.24129	0.225208
-4.70649	2.69721
-0.217159	-0.603151
4.22588	-10.3719
6.1578	-14.308
7.65246	-16.3032
8.03959	-18.609
7.50784	-17.4379
7.50101	-20.4306
6.97277	-21.5491
5.14881	-20.013
2.95464	-18.1423
0.28732	-17.6022
-1.93729	-15.6292
-4.88053	-13.2194
-6.57654	-11.4265
-8.77216	-8.97937
-11.6317	-7.93201
-12.8667	-7.27747
-14.4643	-6.13459
-14.7707	-6.01319
-14.7008	-6.53851
-14.1818	-7.25797
-13.6671	-8.17722
-11.9678	-9.59032
-10.8801	-11.2913
-10.6707	-11.5644
-9.67848	-12.8052
-8.07942	-13.4571
-7.55192	-13.2198
-7.80768	-13.4227
-7.91945	-14.9002
-9.01998	-15.328
-8.75736	-15.5479
-8.69094	-16.5176
-7.84884	-16.3073
-7.19949	-15.5985
-6.61079	-13.877
-3.40236	-5.50514
-0.540862	-4.39497
-1.48466	-5.73214
-6.70046	-8.50051
-5.85494	-14.3199
-4.55579	-15.8642
-3.77192	-15.9843
-2.41416	-14.7803
-3.4819	-13.4787
-2.5181	-13.1132
-3.71002	-11.6984
-4.93969	-11.5324
-3.75039	-13.0958
-8.76616	-10.5989
-14.0548	-13.6773
-16.3726	-13.2589
-18.7152	-9.93508
-20.3813	-11.5994
-22.0054	-9.29673
-23.4494	-8.66996
-25.316	-4.51854
-25.6404	-5.35323
-25.7126	-3.2862
-26.1847	-4.68186
-24.6848	-6.86888
-22.1558	-6.37233
-18.3074	-9.86889
-19.7612	-7.21371
-19.1534	-6.15966
-15.4539	-2.69606
-14.7417	-2.44269
-14.9259	-3.84217
-13.19	-5.3587
-10.8074	-5.45132
-9.30812	-9.44653
-5.76528	-12.9441
-5.10891	-15.7788
-4.27941	-14.3341
-3.79756	-12.637
-4.7667	-11.2833
-4.608	-10.2263
-5.31609	-11.2266
-6.19851	-11.5823
-6.93962	-14.1766
-8.85486	-15.2333
-12.305	-12.8158
-11.5794	-9.10867
-9.58991	-9.98588
-2.37136	-7.90064
-3.93295	-1.97346
-4.35774	-4.83003
-5.80481	-12.7794
-9.67247	-6.73512
-7.95472	-5.24284
-10.6124	-3.86064
-8.79029	-5.03289
-6.59884	-6.69374
-8.55594	-6.71413
-10.5401	-6.62098
-8.58302	-3.57314
-8.45972	0.0266529
-9.83951	-1.32731
-10.1338	-3.36508
-9.29134	-4.57581
-13.388	-5.01217
-7.72118	-11.3728
-7.62631	-13.1297
-7.11728	-11.6259
-6.21435	-12.8403
-0.474441	-12.6594
-3.11817	-12.5372
-1.78616	-8.92915
-0.89082	-8.97715
-1.28474	-7.01121
-1.93021	-6.0214
-0.420465	-5.95244
0.784674	-6.72649
0.208667	-1.13072
-0.118251	4.06721
4.0664	2.21735
-2.61884	0.596621
3.99191	6.19611
-1.26538	0.0902408
-8.64138	-2.33018
-11.5008	-7.97842
-9.07227	-5.46041
-9.80104	-5.78572
-7.42178	-5.50306
-8.86168	-2.61277
-15.7122	-5.5226
-11.7011	-1.9582
-12.8449	-2.14297
-13.9282	-0.663539
-14.3985	-4.69078
-14.4168	0.888365
-21.0039	-1.15626
-21.4385	1.14004
-20.1174	4.6627
-17.2009	8.31156
-12.6926	9.44373
-12.8323	2.74593
-15.3357	-6.08432
-15.345	-5.7993
-14.7519	-5.08868
-16.6287	-4.98982
-16.9976	-4.79187
-16.2305	-3.46036
-17.5901	-2.83585
-18.0268	-2.62519
-18.5933	-2.71761
-18.251	-2.42811
-14.6336	1.51757
-8.12407	5.03057
-7.91275	3.23827
-5.62644	3.51432
-6.00549	2.37747
-4.0723	2.16721
-3.9604	5.14714
-2.82274	3.82354
-2.72066	2.80684
-3.06585	3.38941
-1.28934	2.9447
-13.8769	-8.5493
-5.31776	-13.681
-4.04911	-3.90112
-8.5152	-6.80578
-7.83386	-3.4833
-9.50105	-5.37563
-10.1226	-5.04663
-14.0509	-12.9311
-11.9645	-9.92435
-18.2233	-9.43872
-13.8378	-3.92858
-9.22455	-2.18681
-7.31514	-1.00621
-11.8604	-3.49897
-9.91269	-1.22833
-10.807	-1.55194
-9.66284	-6.16623
-11.7832	-2.47159
-15.1567	-2.44284
-9.76281	-4.39359
-8.53491	0.452102
-7.37549	-3.16329
-10.5983	-2.34456
-11.8517	-4.98297
-16.0933	-1.32418
-13.256	-0.924359
-14.5074	-4.49509
-18.0615	-5.72268
-16.5394	-0.946453
-13.617	-3.68336
-16.4348	-2.44552
-15.819	-10.1907
-17.3912	-6.61267
-15.9506	-6.01596
-15.8577	-4.21641
-15.7612	-5.30214
-14.5846	-5.74815
-10.6488	-3.97368
-11.6545	-1.78458
-10.3306	-3.06173
-12.5996	-8.15432
-12.0835	-5.53725
-11.2687	-6.00212
-9.88096	-4.18823
-9.78011	-4.35401
-11.7523	-7.35116
-8.63073	-6.11039
-10.8052	-1.51351
-11.158	-1.61769
-11.8849	-1.21286
-7.98306	-0.133384
-11.3328	-3.31841
-11.6559	-0.0019628
-12.1268	-1.42862
-11.7209	-3.02023
-9.60079	3.1538
-13.3943	-1.74186
-14.2039	-0.972686
-13.268	-1.83581
-14.2468	-5.33897
-11.7437	-1.1579
-10.7673	0.267079
-13.6797	-0.573948
-13.897	-6.70758
-14.0852	-5.94673
-12.7628	-5.36466
-12.1675	-1.61541
-15.9393	-3.79056
-16.9442	-0.71924
-17.0943	-4.95487
-17.4959	-3.4008
-23.5018	-4.52931
-22.8005	-0.556934
-20.9473	-1.15078
-13.368	-3.12379
-13.9436	-7.00961
-10.9068	-0.4035
-9.52828	1.49433
-6.12383	1.29456
-2.31735	3.76702
-3.57324	-1.43389
-4.35884	-2.46976
-3.55187	-3.72828
-6.81292	-8.38293
-6.11519	-5.00289
-8.69408	-3.16916
-12.6146	-6.8017
-14.7458	-9.58773
-15.5608	-9.37144
-17.0329	-9.8276
-17.1537	-8.84084
-15.6511	-7.4285
-13.8201	-6.01726
-11.7504	-4.38865
-8.94431	-3.47081
-1.16635	-6.16476
-2.71468	-8.60135
0.589247	-9.76518
1.7597	-7.41166
2.37059	-12.6471
1.59601	-13.8929
1.68529	-11.4851
-5.97914	-13.8609
-12.3504	-11.4498
-16.7119	-8.96464
-18.1808	-7.58841
-17.7458	-8.4436
-20.315	-4.41502
-19.4984	-2.58796
-16.6799	-2.19409
-13.5335	-0.317953
-15.7101	-1.99558
-16.3278	-4.25703
-17.267	-6.70911
-22.1805	-13.3079
-21.7018	-13.7413
-17.1671	-4.62368
-17.7824	-6.69412
-12.8812	-2.53404
-8.98915	-13.4084
-9.81704	-16.3868
-11.4211	-13.2653
-13.9466	-6.60695
-13.7416	-2.42997
-13.0596	0.989557
-11.2513	2.49248
-11.783	6.82204
-9.22516	7.16622
-6.56237	8.2266
-0.350618	13.1031
1.10533	7.38172
-0.174429	4.88279
2.65811	2.25633
-1.35268	-0.166178
3.86846	-1.34762
-2.91125	-4.11386
-3.19561	-4.62118
-12.6105	-4.81879
-16.7152	-9.1024
-18.5546	-8.99875
-20.0276	-7.93757
-21.4029	-7.00696
-21.918	-6.29942
-22.2597	-6.00817
-22.4098	-7.74645
-21.1857	-8.78833
-20.9917	-9.93246
-20.7692	-9.83068
-17.6687	-9.67509
-16.4428	-7.07632
-17.5064	-9.77712
-17.4927	-9.18914
-18.4874	-12.3121
-18.5838	-12.0112
-21.11	-11.6213
-20.9775	-12.0715
-20.7437	-11.3483
-22.1654	-11.2441
-22.7677	-11.2844
-22.4641	-11.7936
-21.552	-12.8117
-18.6147	-10.7957
-20.4874	-12.8622
-20.1695	-11.1703
-11.5412	-12.9248
-5.5409	-13.9563
-4.19854	-13.7174
-3.71175	-6.62252
-6.7224	-9.73746
-9.20155	-7.85362
-5.46949	-3.79818
-6.28369	-5.06607
-1.82797	1.82922
-1.00944	-3.18808
2.56367	-4.56509
2.11456	-6.33817
0.358623	-5.87817
-1.60831	-6.01875
-0.00260736	-8.74159
-3.05877	-9.00752
-6.06385	-8.53656
-10.338	-8.16686
-12.3537	-6.81123
-12.6869	-4.24337
-9.9552	-1.99782
-8.57496	-0.318325
-6.13669	1.16357
-5.18509	4.32322
0.166337	2.53253
-6.28665	-0.457821
-6.02806	-5.11333
-2.35131	-0.382601
-4.63245	-3.70699
-1.33316	-3.03232
-1.95736	-0.0029857
-0.69788	0.500052
-7.62987	1.46909
-3.9066	5.32607
-3.99102	8.63658
-4.31422	10.3651
-4.92899	8.14192
-6.02221	8.00574
-9.27773	5.08782
-13.0198	-1.92627
-11.3374	-3.48937
-8.9357	-7.07632
-8.91675	-7.7753
-8.68838	-7.93786
-10.1561	-6.95861
-10.8675	-6.23782
-12.5764	-5.58613
-15.1229	-3.32753
-17.0563	-2.27331
-18.4214	-1.72295
-19.1076	-1.67968
-19.4844	-3.22525
-18.5396	-4.06888
-16.8848	-2.49388
-11.4126	5.37817
-7.21805	7.3718
-3.90792	6.5241
-2.88427	6.46312
-3.15139	4.9742
-2.02469	5.50202
-1.44289	5.94304
-0.619143	4.99035
-10.4567	-2.77279
-12.2382	-6.98039
-12.3133	-7.90747
-9.17876	-9.48796
-8.92287	-6.3961
-6.54975	-4.01065
-14.5646	-7.89689
-15.8063	-8.31273
-16.8866	-7.4846
-16.7935	-7.76459
-17.0266	-6.73562
-16.305	-5.9398
-13.6206	-5.50052
-2.8843	-7.09847
0.686132	-6.04295
-2.66641	-5.48993
-4.70198	-3.98958
-10.3465	-4.1335
-10.6057	-7.62552
-12.6088	-12.0305
-13.1295	-8.18033
-7.90268	-7.80486
-14.3579	-9.04774
-9.99952	5.22893
-16.422	-6.4534
-20.5229	-6.47276
-20.7025	-6.38291
-19.6348	-7.66433
-14.9762	-5.35348
-10.8326	-0.0928454
-9.99732	1.2562
-7.57635	-1.86028
-5.45114	-1.94215
-4.20201	-0.527062
-2.10493	0.616158
-6.36002	-2.79846
-20.2969	-6.95081
-18.0807	-4.39194
-14.5623	-9.68177
-14.9127	-2.0647
-14.6673	-4.34429
-4.73871	-3.66966
-2.93762	-8.7279
-12.619	-3.7494
-12.1794	-0.961416
-9.04442	-0.78956
-7.5136	-1.10935
-5.97366	-1.9602
-3.30223	-4.33792
-1.89463	-4.51208
-1.12043	-4.80805
-2.15312	-3.3704
-5.35266	-1.54993
-7.12756	-1.02908
-10.6391	-2.28598
-11.5463	-6.16812
-13.4948	-7.0225
-13.3498	-9.79798
-15.2731	-11.4664
-13.9348	-11.8225
-15.488	-4.01721
-12.9454	-10.5935
-11.6522	-8.01752
-9.0027	-2.01816
-8.54301	2.56725
-8.93942	3.81266
-10.4738	0.705211
-10.8407	-3.661
-12.6241	-8.20453
-13.678	-3.2697
-13.6579	-2.55608
-13.54	-3.27482
-10.9838	-1.97706
-11.4633	0.681718
-13.6584	-3.12451
-11.631	1.74435
-9.60808	3.74082
-13.2111	-2.02227
-10.6319	-1.88401
-14.1116	-1.35698
-15.2154	-3.95237
-11.412	-2.97593
-13.5512	-5.49652
-14.5551	-2.081
-13.8226	-6.90951
-16.2218	-3.05919
-17.4227	-2.95282
-15.2286	-0.429734
-14.4555	-4.24395
-11.4687	-2.54942
-11.819	-4.04771
